0.00 0.499008 0.498575 0.498726 0.499668 0.498872 0.500357 0.500264 0.498868 0.498745 0.495099 0.497844
0.10 0.352623 0.824457 0.813618 0.807169 0.801473 0.801186 0.787232 0.787153 0.775385 0.767099 0.759640
0.20 0.124429 0.905909 0.887023 0.873651 0.854940 0.835961 0.824121 0.807337 0.777731 0.765640 0.743702
0.30 0.021925 0.884119 0.857318 0.826915 0.800816 0.774802 0.745947 0.716764 0.691612 0.663659 0.638170
0.40 0.001929 0.839968 0.800540 0.776241 0.732178 0.697233 0.657242 0.622826 0.593949 0.555839 0.524113
0.50 0.000085 0.795591 0.758693 0.717945 0.676812 0.631887 0.594289 0.549995 0.513040 0.468444 0.429062
0.60 0.000002 0.763649 0.717487 0.674900 0.627923 0.576929 0.531805 0.486876 0.447926 0.392922 0.346044
0.70 0.000000 0.726984 0.677752 0.625703 0.578388 0.536021 0.482356 0.428800 0.383222 0.338969 0.292248
0.80 0.000000 0.694535 0.646132 0.592370 0.542654 0.493269 0.440458 0.387085 0.336503 0.283900 0.240102
0.90 0.000000 0.664949 0.613800 0.560485 0.506981 0.455892 0.403058 0.350204 0.296830 0.245277 0.192279
1.00 0.000000 0.636515 0.589576 0.534643 0.482998 0.432984 0.363670 0.315203 0.269202 0.208634 0.154250
1.10 0.000000 0.612148 0.557168 0.496915 0.443022 0.395162 0.338434 0.286254 0.230016 0.182179 0.125911
1.20 0.000000 0.584936 0.528055 0.479771 0.425802 0.372494 0.319867 0.262189 0.212840 0.157794 0.106471
1.30 0.000000 0.558945 0.504431 0.455394 0.400204 0.349549 0.300033 0.248993 0.186724 0.138152 0.083404
1.40 0.000000 0.533271 0.481329 0.436762 0.380199 0.328172 0.282885 0.225035 0.166107 0.119149 0.070425
1.50 0.000000 0.510443 0.465706 0.414348 0.367277 0.317883 0.265706 0.207168 0.152957 0.110771 0.061009
1.60 0.000000 0.493272 0.441359 0.393743 0.344088 0.299161 0.239001 0.194576 0.142077 0.100991 0.042756
1.70 0.000000 0.476482 0.424133 0.374574 0.334657 0.275532 0.233834 0.186184 0.138323 0.087641 0.044724
1.80 0.000000 0.453595 0.408853 0.355997 0.311550 0.264813 0.213399 0.170229 0.122814 0.080752 0.036390
1.90 0.000000 0.434920 0.387592 0.344871 0.299859 0.254616 0.212695 0.163822 0.116217 0.073937 0.022235
2.00 0.000000 0.419400 0.372861 0.329104 0.284145 0.243904 0.198252 0.155614 0.105877 0.068089 0.017002
2.10 0.000000 0.396760 0.352960 0.321908 0.271139 0.226529 0.184514 0.147549 0.104498 0.060939 0.016542
2.20 0.000000 0.384208 0.340686 0.300888 0.261697 0.213531 0.185116 0.142074 0.093357 0.056088 0.011146
2.30 0.000000 0.371312 0.328340 0.291206 0.249599 0.204930 0.172782 0.129401 0.095207 0.054048 0.010867
2.40 0.000000 0.357794 0.318018 0.273660 0.240572 0.201348 0.157484 0.128153 0.083372 0.048155 0.001801
2.50 0.000000 0.340390 0.307659 0.265859 0.223698 0.192670 0.156827 0.116535 0.079586 0.041926 0.007129
2.60 0.000000 0.328755 0.291878 0.257025 0.226557 0.185893 0.146972 0.112284 0.078150 0.042162 0.011807
2.70 0.000000 0.315433 0.281089 0.248393 0.211037 0.174846 0.143105 0.111977 0.074079 0.033956 0.001889
2.80 0.000000 0.304622 0.269669 0.240400 0.208175 0.166164 0.135331 0.106085 0.074782 0.037381 0.003470
2.90 0.000000 0.287022 0.261743 0.226484 0.191723 0.156803 0.135121 0.099134 0.067617 0.036624 -0.000957
3.00 0.000000 0.280631 0.250934 0.214230 0.187787 0.157224 0.121294 0.091318 0.060596 0.037255 0.004790
3.10 0.000000 0.263405 0.239259 0.210301 0.188912 0.151017 0.121348 0.092570 0.059694 0.032318 0.001678
3.20 0.000000 0.249549 0.225989 0.202186 0.169639 0.146840 0.120917 0.085196 0.056982 0.033098 0.007749
3.30 0.000000 0.245467 0.222697 0.194161 0.160899 0.140456 0.108301 0.080710 0.058355 0.028877 0.002198
3.40 0.000000 0.234822 0.212459 0.182962 0.157171 0.131985 0.106936 0.078107 0.054949 0.024474 0.000175
3.50 0.000000 0.230864 0.206675 0.181152 0.153927 0.131316 0.102632 0.077523 0.051183 0.022065 0.002708
3.60 0.000000 0.221264 0.194915 0.171001 0.148550 0.121793 0.095866 0.067305 0.052009 0.022224 -0.000653
3.70 0.000000 0.207004 0.193193 0.166105 0.144548 0.115367 0.095965 0.071775 0.045780 0.019939 -0.003309
3.80 0.000000 0.204933 0.178891 0.161367 0.134350 0.111136 0.090565 0.068372 0.045019 0.024905 0.001486
3.90 0.000000 0.191441 0.177674 0.153170 0.124983 0.106483 0.083854 0.063379 0.044122 0.021405 -0.000049
4.00 0.000000 0.186557 0.166447 0.146247 0.123369 0.097462 0.088532 0.065642 0.046402 0.022814 0.000888
4.10 0.000000 0.178604 0.158029 0.146129 0.123484 0.100325 0.082323 0.061875 0.039838 0.020446 0.001445
4.20 0.000000 0.172786 0.149926 0.134911 0.116446 0.096667 0.076285 0.055836 0.037471 0.022524 -0.001270
4.30 0.000000 0.168134 0.146840 0.128020 0.104652 0.091051 0.071843 0.053358 0.033846 0.021779 0.001478
4.40 0.000000 0.161094 0.145781 0.124180 0.106072 0.086369 0.068490 0.055261 0.037567 0.015906 0.005388
4.50 0.000000 0.153984 0.138407 0.123429 0.106199 0.086143 0.071743 0.046525 0.032334 0.016297 -0.003180
4.60 0.000000 0.148886 0.132689 0.114666 0.104376 0.086834 0.064930 0.048059 0.033775 0.014832 0.005329
4.70 0.000000 0.142608 0.118370 0.111380 0.095832 0.078587 0.064175 0.045228 0.025742 0.010907 -0.000632
4.80 0.000000 0.133755 0.122707 0.109099 0.091378 0.073865 0.059773 0.045474 0.033332 0.017166 -0.002221
4.90 0.000000 0.128164 0.117512 0.099833 0.083178 0.070652 0.059803 0.044115 0.025013 0.018103 0.007346
5.00 0.000000 0.123796 0.109650 0.092214 0.080958 0.069373 0.055328 0.041881 0.025532 0.013939 0.000518
5.10 0.000000 0.121794 0.105052 0.094471 0.080352 0.063056 0.055780 0.043532 0.029942 0.011925 0.004154
5.20 0.000000 0.114828 0.102733 0.090591 0.078573 0.063850 0.050838 0.039234 0.021708 0.016146 0.002488
5.30 0.000000 0.118053 0.103885 0.084551 0.075781 0.061888 0.051858 0.036090 0.024461 0.005329 -0.005013
5.40 0.000000 0.104233 0.091674 0.085601 0.069701 0.064817 0.049449 0.031947 0.023950 0.012408 0.000386
5.50 0.000000 0.099211 0.089836 0.081555 0.064889 0.059788 0.045220 0.036348 0.019799 0.011837 -0.001557
5.60 0.000000 0.100793 0.091632 0.073620 0.063330 0.057825 0.041202 0.034424 0.025927 0.009245 -0.004010
5.70 0.000000 0.098891 0.082775 0.075155 0.059617 0.050437 0.039243 0.035903 0.025534 0.014700 -0.005302
5.80 0.000000 0.092432 0.079722 0.070126 0.062544 0.052523 0.038190 0.028070 0.014297 0.013023 0.000318
5.90 0.000000 0.089858 0.077939 0.063492 0.051300 0.045114 0.035874 0.029202 0.015071 0.008930 0.001779
6.00 0.000000 0.088204 0.070877 0.066635 0.054953 0.047564 0.039901 0.027804 0.021080 0.009071 0.001179
