0.0000 12.269540
0.0500 16.158971
0.1000 18.115485
0.1500 18.595626
0.2000 18.468120
0.2500 18.091148
0.3000 17.734230
0.3500 17.353838
0.4000 17.001006
0.4500 16.694983
0.5000 16.396034
0.5500 16.037947
0.6000 15.712640
0.6500 15.412408
0.7000 15.117613
0.7500 14.818917
0.8000 14.512031
0.8500 14.260313
0.9000 13.967286
0.9500 13.670617
1.0000 13.419639
1.0500 13.155365
1.1000 12.863475
1.1500 12.621054
1.2000 12.391091
1.2500 12.089450
1.3000 11.887840
1.3500 11.654836
1.4000 11.426190
1.4500 11.208898
1.5000 11.016629
1.5500 10.720937
1.6000 10.527367
1.6500 10.287887
1.7000 10.168043
1.7500 9.952688
1.8000 9.751271
1.8500 9.574181
1.9000 9.350468
1.9500 9.163932
2.0000 8.977749
2.0500 8.753334
2.1000 8.644840
2.1500 8.471844
2.2000 8.281579
2.2500 8.108768
2.3000 7.982661
2.3500 7.824794
2.4000 7.655333
2.4500 7.529749
2.5000 7.399801
2.5500 7.229414
2.6000 7.090749
2.6500 6.942376
2.7000 6.805656
2.7500 6.646357
2.8000 6.569243
2.8500 6.426924
2.9000 6.270257
2.9500 6.150606
3.0000 6.017229
3.0500 5.887507
3.1000 5.810492
3.1500 5.693410
3.2000 5.562566
3.2500 5.458956
3.3000 5.327457
3.3500 5.227994
3.4000 5.151883
3.4500 5.059104
3.5000 4.952941
3.5500 4.837134
3.6000 4.712939
3.6500 4.607575
3.7000 4.552872
3.7500 4.458979
3.8000 4.360804
3.8500 4.267425
3.9000 4.176847
3.9500 4.121922
4.0000 4.021471
4.0500 3.973624
4.1000 3.860616
4.1500 3.813663
4.2000 3.731548
4.2500 3.657539
4.3000 3.556416
4.3500 3.521895
4.4000 3.410022
4.4500 3.436550
4.5000 3.291751
4.5500 3.277109
4.6000 3.173452
4.6500 3.100045
4.7000 3.075668
4.7500 3.021482
4.8000 2.928672
4.8500 2.898534
4.9000 2.821429
4.9500 2.763587
5.0000 2.700025
5.0500 2.662408
5.1000 2.618458
5.1500 2.593549
5.2000 2.463158
5.2500 2.428701
5.3000 2.403001
5.3500 2.355542
5.4000 2.328661
5.4500 2.295315
5.5000 2.225976
5.5500 2.191636
5.6000 2.080930
5.6500 2.072764
5.7000 2.017099
5.7500 2.023529
5.8000 1.939520
5.8500 1.924969
5.9000 1.921053
5.9500 1.848008
6.0000 1.822599
6.0500 1.812857
6.1000 1.716601
6.1500 1.707206
6.2000 1.677504
6.2500 1.645268
6.3000 1.600795
6.3500 1.555912
6.4000 1.499318
6.4500 1.555892
6.5000 1.504192
6.5500 1.443837
6.6000 1.434525
6.6500 1.379204
6.7000 1.390437
6.7500 1.317474
6.8000 1.303207
6.8500 1.274153
6.9000 1.235791
6.9500 1.273235
7.0000 1.221288
7.0500 1.213568
7.1000 1.181398
7.1500 1.175568
7.2000 1.100716
7.2500 1.137662
7.3000 1.082666
7.3500 1.050257
7.4000 1.012532
7.4500 1.024982
7.5000 0.963250
7.5500 0.972571
7.6000 0.971436
7.6500 0.963677
7.7000 0.910164
7.7500 0.903109
7.8000 0.898082
7.8500 0.854965
7.9000 0.845734
7.9500 0.849139
8.0000 0.787457
8.0500 0.813077
8.1000 0.769023
8.1500 0.778767
8.2000 0.787037
8.2500 0.763884
8.3000 0.707044
8.3500 0.735360
8.4000 0.724867
8.4500 0.668393
8.5000 0.681988
8.5500 0.677845
8.6000 0.653625
8.6500 0.670178
8.7000 0.591062
8.7500 0.577308
8.8000 0.605452
8.8500 0.574472
8.9000 0.582221
8.9500 0.536701
9.0000 0.536634
9.0500 0.502691
9.1000 0.534477
9.1500 0.504416
9.2000 0.545035
9.2500 0.489077
9.3000 0.485034
9.3500 0.476271
9.4000 0.492637
9.4500 0.467716
9.5000 0.415713
9.5500 0.442131
9.6000 0.409248
9.6500 0.425827
9.7000 0.413960
9.7500 0.371015
9.8000 0.378861
9.8500 0.370076
9.9000 0.340074
9.9500 0.335981
10.0000 0.237698
