0.000 0.234745 0.234105 0.235033 0.234282 0.234453 0.240292 0.234660 0.233443 0.237793 0.238252 0.235933
0.020 0.222059 0.455254 0.453329 0.447511 0.450887 0.443792 0.446391 0.446850 0.448360 0.442422 0.449108
0.040 0.187969 0.635945 0.637304 0.632927 0.627325 0.624355 0.622532 0.617463 0.618358 0.616110 0.608548
0.060 0.142380 0.770536 0.765424 0.763179 0.758235 0.751611 0.742379 0.741151 0.734946 0.731492 0.724923
0.080 0.096507 0.856404 0.844833 0.837678 0.837745 0.825882 0.818138 0.807954 0.802863 0.798211 0.783210
0.100 0.058534 0.906683 0.894955 0.884500 0.872419 0.860372 0.851916 0.837683 0.825124 0.820160 0.803747
0.120 0.031769 0.931250 0.909345 0.901065 0.887115 0.875890 0.856097 0.838918 0.829410 0.814475 0.797367
0.140 0.015429 0.934305 0.917661 0.893578 0.878458 0.862920 0.845789 0.822315 0.808498 0.789254 0.776295
0.160 0.006706 0.931946 0.909496 0.883488 0.867581 0.842639 0.823970 0.806937 0.787262 0.761970 0.744028
0.180 0.002608 0.922145 0.896475 0.871820 0.852838 0.829578 0.807497 0.783730 0.757102 0.734035 0.712792
