# names: Curve 1; Curve 2; Curve 3; Curve 4; Curve 5; Curve 6; Curve 7; Curve 8; Curve 9; Curve 10; Curve 11; Curve 12
0.0000 0.000004 0.000000 0.000000 0.000000 0.000000 0.000000 0.000000 0.000000 0.000000 0.000000 0.000000 0.000000 0.000000
0.0500 0.000103 0.000005 0.000006 0.000007 0.000008 0.000005 0.000006 0.000007 0.000008 0.000005 0.000006 0.000007 0.000009
0.1000 0.001699 0.000089 0.000107 0.000125 0.000144 0.000090 0.000108 0.000126 0.000144 0.000090 0.000108 0.000126 0.000144
0.1500 0.016880 0.000917 0.001105 0.001292 0.001479 0.000926 0.001112 0.001298 0.001485 0.000929 0.001115 0.001301 0.001488
0.2000 0.100669 0.005784 0.006985 0.008183 0.009380 0.005876 0.007063 0.008252 0.009441 0.005906 0.007093 0.008281 0.009470
0.2500 0.360448 0.022758 0.027601 0.032430 0.037250 0.023369 0.028125 0.032890 0.037660 0.023575 0.028328 0.033088 0.037853
0.3000 0.774837 0.057375 0.070099 0.082766 0.095400 0.060007 0.072367 0.084763 0.097187 0.060906 0.073254 0.085630 0.098029
0.3500 1.000000 0.096974 0.119959 0.142807 0.165574 0.104605 0.126581 0.148668 0.170837 0.107260 0.129208 0.151240 0.173339
0.4000 0.774837 0.118138 0.149096 0.179862 0.210508 0.133930 0.162950 0.192216 0.221662 0.139581 0.168561 0.197724 0.227034
0.4500 0.360448 0.114745 0.149156 0.183451 0.217662 0.139895 0.171548 0.203625 0.236016 0.149248 0.180878 0.212818 0.245009
0.5000 0.100669 0.098979 0.133620 0.168424 0.203297 0.132334 0.163872 0.196029 0.228649 0.145347 0.176927 0.208954 0.241342
0.5500 0.016880 0.081881 0.115304 0.149340 0.183709 0.121265 0.151782 0.183114 0.215061 0.137490 0.168168 0.199422 0.231147
0.6000 0.001699 0.067124 0.098727 0.131489 0.164923 0.110432 0.139748 0.170065 0.201145 0.129345 0.158981 0.189317 0.220226
0.6500 0.000103 0.054961 0.084452 0.115675 0.147945 0.100496 0.128581 0.157843 0.188012 0.121607 0.150206 0.179618 0.209699
0.7000 0.000004 0.044999 0.072235 0.101756 0.132707 0.091449 0.118300 0.146493 0.175728 0.114328 0.141910 0.170409 0.199668
0.7500 0.000000 0.036842 0.061786 0.089512 0.119039 0.083216 0.108842 0.135958 0.164247 0.107484 0.134072 0.161672 0.190116
0.8000 0.000000 0.030164 0.052849 0.078741 0.106778 0.075724 0.100139 0.126182 0.153516 0.101050 0.126666 0.153383 0.181021
0.8500 0.000000 0.024696 0.045204 0.069267 0.095781 0.068907 0.092132 0.117108 0.143486 0.095001 0.119670 0.145519 0.172362
0.9000 0.000000 0.020219 0.038665 0.060932 0.085915 0.062704 0.084766 0.108687 0.134111 0.089314 0.113060 0.138058 0.164117
0.9500 0.000000 0.016554 0.033072 0.053600 0.077066 0.057059 0.077988 0.100871 0.125349 0.083967 0.106815 0.130980 0.156266
1.0000 0.000000 0.013553 0.028288 0.047151 0.069129 0.051922 0.071753 0.093617 0.117159 0.078941 0.100915 0.124264 0.148790
1.0500 0.000000 0.011097 0.024196 0.041477 0.062009 0.047248 0.066016 0.086885 0.109504 0.074215 0.095341 0.117893 0.141672
1.1000 0.000000 0.009085 0.020696 0.036486 0.055622 0.042994 0.060737 0.080637 0.102350 0.069773 0.090075 0.111849 0.134895
1.1500 0.000000 0.007438 0.017702 0.032096 0.049893 0.039123 0.055881 0.074839 0.095663 0.065596 0.085100 0.106114 0.128442
1.2000 0.000000 0.006090 0.015141 0.028234 0.044754 0.035601 0.051413 0.069457 0.089413 0.061669 0.080400 0.100674 0.122298
1.2500 0.000000 0.004986 0.012951 0.024837 0.040145 0.032396 0.047302 0.064462 0.083571 0.057978 0.075959 0.095512 0.116447
1.3000 0.000000 0.004082 0.011078 0.021848 0.036010 0.029480 0.043520 0.059827 0.078111 0.054507 0.071763 0.090615 0.110877
1.3500 0.000000 0.003342 0.009475 0.019219 0.032301 0.026826 0.040041 0.055525 0.073007 0.051244 0.067800 0.085969 0.105573
1.4000 0.000000 0.002736 0.008105 0.016907 0.028974 0.024411 0.036839 0.051532 0.068237 0.048177 0.064055 0.081562 0.100522
1.4500 0.000000 0.002240 0.006932 0.014872 0.025990 0.022213 0.033894 0.047826 0.063779 0.045293 0.060517 0.077380 0.095714
1.5000 0.000000 0.001834 0.005929 0.013083 0.023313 0.020213 0.031184 0.044387 0.059612 0.042581 0.057174 0.073413 0.091135
1.5500 0.000000 0.001502 0.005072 0.011509 0.020912 0.018394 0.028690 0.041195 0.055717 0.040032 0.054016 0.069649 0.086775
1.6000 0.000000 0.001230 0.004338 0.010124 0.018758 0.016738 0.026396 0.038233 0.052077 0.037636 0.051033 0.066078 0.082624
1.6500 0.000000 0.001007 0.003711 0.008906 0.016826 0.015231 0.024286 0.035483 0.048674 0.035383 0.048214 0.062690 0.078672
1.7000 0.000000 0.000824 0.003174 0.007834 0.015093 0.013860 0.022344 0.032932 0.045494 0.033265 0.045551 0.059476 0.074908
1.7500 0.000000 0.000675 0.002715 0.006891 0.013539 0.012612 0.020558 0.030564 0.042522 0.031274 0.043035 0.056426 0.071325
1.8000 0.000000 0.000552 0.002322 0.006062 0.012144 0.011477 0.018914 0.028366 0.039744 0.029401 0.040658 0.053533 0.067913
1.8500 0.000000 0.000452 0.001986 0.005333 0.010893 0.010443 0.017402 0.026326 0.037147 0.027641 0.038412 0.050789 0.064664
1.9000 0.000000 0.000370 0.001699 0.004691 0.009771 0.009503 0.016010 0.024433 0.034720 0.025987 0.036290 0.048185 0.061571
1.9500 0.000000 0.000303 0.001453 0.004127 0.008765 0.008648 0.014730 0.022676 0.032452 0.024431 0.034286 0.045714 0.058625
2.0000 0.000000 0.000248 0.001243 0.003630 0.007862 0.007869 0.013552 0.021045 0.030331 0.022969 0.032392 0.043370 0.055821
2.0500 0.000000 0.000203 0.001063 0.003193 0.007052 0.007161 0.012469 0.019532 0.028350 0.021594 0.030603 0.041147 0.053150
2.1000 0.000000 0.000166 0.000909 0.002809 0.006326 0.006516 0.011472 0.018127 0.026497 0.020301 0.028913 0.039037 0.050608
2.1500 0.000000 0.000136 0.000778 0.002471 0.005674 0.005929 0.010555 0.016824 0.024766 0.019086 0.027316 0.037036 0.048187
2.2000 0.000000 0.000112 0.000665 0.002174 0.005090 0.005396 0.009711 0.015614 0.023148 0.017943 0.025807 0.035137 0.045882
2.2500 0.000000 0.000091 0.000569 0.001912 0.004566 0.004910 0.008934 0.014491 0.021636 0.016869 0.024382 0.033335 0.043687
2.3000 0.000000 0.000075 0.000487 0.001682 0.004095 0.004468 0.008220 0.013449 0.020222 0.015859 0.023035 0.031626 0.041597
2.3500 0.000000 0.000061 0.000416 0.001480 0.003674 0.004066 0.007563 0.012482 0.018901 0.014910 0.021763 0.030005 0.039607
2.4000 0.000000 0.000050 0.000356 0.001302 0.003295 0.003700 0.006958 0.011584 0.017666 0.014017 0.020561 0.028466 0.037712
2.4500 0.000000 0.000041 0.000305 0.001145 0.002956 0.003367 0.006402 0.010751 0.016512 0.013178 0.019425 0.027007 0.035908
2.5000 0.000000 0.000034 0.000261 0.001007 0.002651 0.003063 0.005890 0.009978 0.015433 0.012389 0.018352 0.025622 0.034191
2.5500 0.000000 0.000028 0.000223 0.000886 0.002378 0.002788 0.005419 0.009261 0.014425 0.011648 0.017338 0.024309 0.032555
2.6000 0.000000 0.000023 0.000191 0.000779 0.002133 0.002537 0.004986 0.008595 0.013482 0.010951 0.016381 0.023062 0.030998
2.6500 0.000000 0.000018 0.000163 0.000686 0.001914 0.002308 0.004587 0.007977 0.012601 0.010295 0.015476 0.021880 0.029515
2.7000 0.000000 0.000015 0.000139 0.000603 0.001717 0.002101 0.004220 0.007403 0.011778 0.009679 0.014621 0.020758 0.028103
2.7500 0.000000 0.000012 0.000119 0.000531 0.001540 0.001911 0.003883 0.006871 0.011009 0.009099 0.013813 0.019694 0.026758
2.8000 0.000000 0.000010 0.000102 0.000467 0.001381 0.001739 0.003572 0.006377 0.010289 0.008555 0.013051 0.018684 0.025478
2.8500 0.000000 0.000008 0.000087 0.000411 0.001239 0.001583 0.003287 0.005918 0.009617 0.008043 0.012330 0.017726 0.024260
2.9000 0.000000 0.000007 0.000075 0.000361 0.001111 0.001440 0.003024 0.005493 0.008989 0.007561 0.011649 0.016817 0.023099
2.9500 0.000000 0.000006 0.000064 0.000318 0.000997 0.001311 0.002782 0.005098 0.008401 0.007109 0.011005 0.015955 0.021994
3.0000 0.000000 0.000005 0.000055 0.000279 0.000894 0.001193 0.002560 0.004731 0.007852 0.006683 0.010397 0.015137 0.020942
3.0500 0.000000 0.000004 0.000047 0.000246 0.000802 0.001085 0.002355 0.004391 0.007339 0.006283 0.009823 0.014361 0.019940
3.1000 0.000000 0.000003 0.000040 0.000216 0.000719 0.000988 0.002167 0.004075 0.006860 0.005907 0.009281 0.013625 0.018986
3.1500 0.000000 0.000002 0.000034 0.000190 0.000645 0.000899 0.001994 0.003782 0.006412 0.005553 0.008768 0.012926 0.018078
3.2000 0.000000 0.000002 0.000029 0.000167 0.000579 0.000818 0.001834 0.003510 0.005993 0.005221 0.008284 0.012263 0.017213
3.2500 0.000000 0.000002 0.000025 0.000147 0.000519 0.000744 0.001687 0.003258 0.005601 0.004908 0.007826 0.011635 0.016390
3.3000 0.000000 0.000001 0.000021 0.000129 0.000466 0.000677 0.001553 0.003023 0.005235 0.004614 0.007394 0.011038 0.015606
3.3500 0.000000 0.000001 0.000018 0.000114 0.000418 0.000616 0.001428 0.002806 0.004893 0.004338 0.006985 0.010472 0.014859
3.4000 0.000000 0.000001 0.000016 0.000100 0.000375 0.000561 0.001314 0.002604 0.004574 0.004079 0.006600 0.009935 0.014148
3.4500 0.000000 0.000001 0.000013 0.000088 0.000336 0.000510 0.001209 0.002417 0.004275 0.003834 0.006235 0.009426 0.013472
3.5000 0.000000 0.000001 0.000011 0.000078 0.000302 0.000464 0.001112 0.002243 0.003995 0.003605 0.005891 0.008943 0.012827
3.5500 0.000000 0.000001 0.000010 0.000068 0.000270 0.000422 0.001023 0.002082 0.003734 0.003389 0.005565 0.008484 0.012213
3.6000 0.000000 0.000000 0.000008 0.000060 0.000243 0.000384 0.000942 0.001932 0.003490 0.003186 0.005258 0.008049 0.011629
3.6500 0.000000 0.000000 0.000007 0.000053 0.000218 0.000350 0.000866 0.001793 0.003262 0.002995 0.004968 0.007636 0.011073
3.7000 0.000000 0.000000 0.000006 0.000046 0.000195 0.000318 0.000797 0.001664 0.003049 0.002816 0.004693 0.007245 0.010543
3.7500 0.000000 0.000000 0.000005 0.000041 0.000175 0.000290 0.000733 0.001545 0.002850 0.002648 0.004434 0.006873 0.010039
3.8000 0.000000 0.000000 0.000004 0.000036 0.000157 0.000264 0.000675 0.001433 0.002664 0.002489 0.004189 0.006521 0.009559
3.8500 0.000000 0.000000 0.000004 0.000032 0.000141 0.000240 0.000621 0.001330 0.002490 0.002340 0.003958 0.006187 0.009101
3.9000 0.000000 0.000000 0.000003 0.000028 0.000126 0.000218 0.000571 0.001235 0.002327 0.002200 0.003739 0.005870 0.008666
3.9500 0.000000 0.000000 0.000003 0.000024 0.000113 0.000199 0.000525 0.001146 0.002175 0.002068 0.003533 0.005569 0.008251
4.0000 0.000000 0.000000 0.000002 0.000022 0.000102 0.000181 0.000483 0.001064 0.002033 0.001944 0.003337 0.005283 0.007857
4.0500 0.000000 0.000000 0.000002 0.000019 0.000091 0.000164 0.000445 0.000987 0.001900 0.001828 0.003153 0.005012 0.007481
4.1000 0.000000 0.000000 0.000002 0.000017 0.000082 0.000150 0.000409 0.000916 0.001776 0.001719 0.002979 0.004755 0.007123
4.1500 0.000000 0.000000 0.000002 0.000015 0.000073 0.000136 0.000377 0.000850 0.001660 0.001616 0.002814 0.004511 0.006782
4.2000 0.000000 0.000000 0.000001 0.000013 0.000066 0.000124 0.000346 0.000789 0.001551 0.001519 0.002659 0.004280 0.006458
4.2500 0.000000 0.000000 0.000001 0.000011 0.000059 0.000113 0.000319 0.000732 0.001450 0.001428 0.002512 0.004061 0.006149
4.3000 0.000000 0.000000 0.000001 0.000010 0.000053 0.000103 0.000293 0.000680 0.001355 0.001343 0.002373 0.003853 0.005855
4.3500 0.000000 0.000000 0.000001 0.000009 0.000048 0.000093 0.000270 0.000631 0.001267 0.001262 0.002242 0.003655 0.005575
4.4000 0.000000 0.000000 0.000001 0.000008 0.000043 0.000085 0.000248 0.000585 0.001184 0.001187 0.002118 0.003468 0.005308
4.4500 0.000000 0.000000 0.000001 0.000007 0.000038 0.000077 0.000228 0.000543 0.001107 0.001116 0.002001 0.003290 0.005054
4.5000 0.000000 0.000000 0.000001 0.000006 0.000034 0.000070 0.000210 0.000504 0.001034 0.001049 0.001891 0.003121 0.004812
4.5500 0.000000 0.000000 0.000000 0.000005 0.000031 0.000064 0.000193 0.000468 0.000967 0.000986 0.001786 0.002961 0.004582
4.6000 0.000000 0.000000 0.000000 0.000005 0.000028 0.000058 0.000178 0.000434 0.000904 0.000927 0.001688 0.002809 0.004363
4.6500 0.000000 0.000000 0.000000 0.000004 0.000025 0.000053 0.000164 0.000403 0.000845 0.000872 0.001594 0.002665 0.004154
4.7000 0.000000 0.000000 0.000000 0.000004 0.000022 0.000048 0.000151 0.000374 0.000789 0.000819 0.001506 0.002529 0.003955
4.7500 0.000000 0.000000 0.000000 0.000003 0.000020 0.000044 0.000139 0.000347 0.000738 0.000770 0.001423 0.002399 0.003766
4.8000 0.000000 0.000000 0.000000 0.000003 0.000018 0.000040 0.000127 0.000322 0.000690 0.000724 0.001345 0.002276 0.003586
4.8500 0.000000 0.000000 0.000000 0.000002 0.000016 0.000036 0.000117 0.000299 0.000645 0.000681 0.001270 0.002159 0.003414
4.9000 0.000000 0.000000 0.000000 0.000002 0.000014 0.000033 0.000108 0.000278 0.000602 0.000640 0.001200 0.002049 0.003251
4.9500 0.000000 0.000000 0.000000 0.000002 0.000013 0.000030 0.000099 0.000258 0.000563 0.000602 0.001134 0.001944 0.003096
5.0000 0.000000 0.000000 0.000000 0.000002 0.000012 0.000027 0.000091 0.000239 0.000526 0.000566 0.001071 0.001844 0.002948
5.0500 0.000000 0.000000 0.000000 0.000001 0.000010 0.000025 0.000084 0.000222 0.000492 0.000532 0.001012 0.001749 0.002807
5.1000 0.000000 0.000000 0.000000 0.000001 0.000009 0.000023 0.000077 0.000206 0.000460 0.000500 0.000956 0.001660 0.002672
5.1500 0.000000 0.000000 0.000000 0.000001 0.000008 0.000021 0.000071 0.000191 0.000430 0.000470 0.000903 0.001575 0.002544
5.2000 0.000000 0.000000 0.000000 0.000001 0.000007 0.000019 0.000065 0.000177 0.000402 0.000442 0.000853 0.001494 0.002423
5.2500 0.000000 0.000000 0.000000 0.000001 0.000007 0.000017 0.000060 0.000165 0.000375 0.000416 0.000806 0.001417 0.002307
5.3000 0.000000 0.000000 0.000000 0.000001 0.000006 0.000016 0.000055 0.000153 0.000351 0.000391 0.000762 0.001345 0.002196
5.3500 0.000000 0.000000 0.000000 0.000001 0.000005 0.000014 0.000051 0.000142 0.000328 0.000367 0.000720 0.001276 0.002091
5.4000 0.000000 0.000000 0.000000 0.000001 0.000005 0.000013 0.000047 0.000132 0.000307 0.000345 0.000680 0.001210 0.001991
5.4500 0.000000 0.000000 0.000000 0.000001 0.000004 0.000012 0.000043 0.000122 0.000287 0.000325 0.000642 0.001148 0.001896
5.5000 0.000000 0.000000 0.000000 0.000000 0.000004 0.000011 0.000040 0.000113 0.000268 0.000305 0.000607 0.001089 0.001805
5.5500 0.000000 0.000000 0.000000 0.000000 0.000003 0.000010 0.000037 0.000105 0.000250 0.000287 0.000573 0.001033 0.001719
5.6000 0.000000 0.000000 0.000000 0.000000 0.000003 0.000009 0.000034 0.000098 0.000234 0.000270 0.000542 0.000980 0.001637
5.6500 0.000000 0.000000 0.000000 0.000000 0.000003 0.000008 0.000031 0.000091 0.000219 0.000254 0.000512 0.000930 0.001558
5.7000 0.000000 0.000000 0.000000 0.000000 0.000003 0.000007 0.000028 0.000084 0.000204 0.000238 0.000484 0.000883 0.001484
5.7500 0.000000 0.000000 0.000000 0.000000 0.000002 0.000007 0.000026 0.000078 0.000191 0.000224 0.000457 0.000837 0.001413
5.8000 0.000000 0.000000 0.000000 0.000000 0.000002 0.000006 0.000024 0.000072 0.000179 0.000211 0.000432 0.000794 0.001345
5.8500 0.000000 0.000000 0.000000 0.000000 0.000002 0.000006 0.000022 0.000067 0.000167 0.000198 0.000408 0.000754 0.001281
5.9000 0.000000 0.000000 0.000000 0.000000 0.000002 0.000005 0.000020 0.000062 0.000156 0.000186 0.000385 0.000715 0.001220
5.9500 0.000000 0.000000 0.000000 0.000000 0.000001 0.000005 0.000019 0.000058 0.000146 0.000175 0.000364 0.000678 0.001161
6.0000 0.000000 0.000000 0.000000 0.000000 0.000001 0.000004 0.000017 0.000054 0.000136 0.000165 0.000344 0.000644 0.001106
6.0500 0.000000 0.000000 0.000000 0.000000 0.000001 0.000004 0.000016 0.000050 0.000127 0.000155 0.000325 0.000611 0.001053
6.1000 0.000000 0.000000 0.000000 0.000000 0.000001 0.000003 0.000015 0.000046 0.000119 0.000145 0.000307 0.000579 0.001003
6.1500 0.000000 0.000000 0.000000 0.000000 0.000001 0.000003 0.000013 0.000043 0.000111 0.000137 0.000290 0.000550 0.000955
6.2000 0.000000 0.000000 0.000000 0.000000 0.000001 0.000003 0.000012 0.000040 0.000104 0.000129 0.000274 0.000521 0.000909
6.2500 0.000000 0.000000 0.000000 0.000000 0.000001 0.000003 0.000011 0.000037 0.000097 0.000121 0.000259 0.000495 0.000865
6.3000 0.000000 0.000000 0.000000 0.000000 0.000001 0.000002 0.000010 0.000034 0.000091 0.000114 0.000245 0.000469 0.000824
6.3500 0.000000 0.000000 0.000000 0.000000 0.000001 0.000002 0.000010 0.000032 0.000085 0.000107 0.000231 0.000445 0.000785
6.4000 0.000000 0.000000 0.000000 0.000000 0.000001 0.000002 0.000009 0.000030 0.000079 0.000100 0.000218 0.000422 0.000747
6.4500 0.000000 0.000000 0.000000 0.000000 0.000000 0.000002 0.000008 0.000027 0.000074 0.000094 0.000206 0.000401 0.000711
6.5000 0.000000 0.000000 0.000000 0.000000 0.000000 0.000002 0.000007 0.000025 0.000069 0.000089 0.000195 0.000380 0.000677
6.5500 0.000000 0.000000 0.000000 0.000000 0.000000 0.000001 0.000007 0.000024 0.000065 0.000083 0.000184 0.000361 0.000645
6.6000 0.000000 0.000000 0.000000 0.000000 0.000000 0.000001 0.000006 0.000022 0.000061 0.000078 0.000174 0.000342 0.000614
6.6500 0.000000 0.000000 0.000000 0.000000 0.000000 0.000001 0.000006 0.000020 0.000057 0.000074 0.000164 0.000325 0.000585
6.7000 0.000000 0.000000 0.000000 0.000000 0.000000 0.000001 0.000005 0.000019 0.000053 0.000069 0.000155 0.000308 0.000557
6.7500 0.000000 0.000000 0.000000 0.000000 0.000000 0.000001 0.000005 0.000018 0.000049 0.000065 0.000147 0.000292 0.000530
6.8000 0.000000 0.000000 0.000000 0.000000 0.000000 0.000001 0.000005 0.000016 0.000046 0.000061 0.000139 0.000277 0.000505
6.8500 0.000000 0.000000 0.000000 0.000000 0.000000 0.000001 0.000004 0.000015 0.000043 0.000058 0.000131 0.000263 0.000481
6.9000 0.000000 0.000000 0.000000 0.000000 0.000000 0.000001 0.000004 0.000014 0.000040 0.000054 0.000124 0.000250 0.000458
6.9500 0.000000 0.000000 0.000000 0.000000 0.000000 0.000001 0.000004 0.000013 0.000038 0.000051 0.000117 0.000237 0.000436
7.0000 0.000000 0.000000 0.000000 0.000000 0.000000 0.000001 0.000003 0.000012 0.000035 0.000048 0.000110 0.000225 0.000415
7.0500 0.000000 0.000000 0.000000 0.000000 0.000000 0.000001 0.000003 0.000011 0.000033 0.000045 0.000104 0.000213 0.000395
7.1000 0.000000 0.000000 0.000000 0.000000 0.000000 0.000001 0.000003 0.000010 0.000031 0.000042 0.000099 0.000202 0.000376
7.1500 0.000000 0.000000 0.000000 0.000000 0.000000 0.000000 0.000003 0.000010 0.000029 0.000040 0.000093 0.000192 0.000358
7.2000 0.000000 0.000000 0.000000 0.000000 0.000000 0.000000 0.000002 0.000009 0.000027 0.000037 0.000088 0.000182 0.000341
7.2500 0.000000 0.000000 0.000000 0.000000 0.000000 0.000000 0.000002 0.000008 0.000025 0.000035 0.000083 0.000173 0.000325
7.3000 0.000000 0.000000 0.000000 0.000000 0.000000 0.000000 0.000002 0.000008 0.000024 0.000033 0.000078 0.000164 0.000309
7.3500 0.000000 0.000000 0.000000 0.000000 0.000000 0.000000 0.000002 0.000007 0.000022 0.000031 0.000074 0.000155 0.000294
7.4000 0.000000 0.000000 0.000000 0.000000 0.000000 0.000000 0.000002 0.000007 0.000021 0.000029 0.000070 0.000147 0.000280
7.4500 0.000000 0.000000 0.000000 0.000000 0.000000 0.000000 0.000002 0.000006 0.000019 0.000027 0.000066 0.000140 0.000267
7.5000 0.000000 0.000000 0.000000 0.000000 0.000000 0.000000 0.000001 0.000006 0.000018 0.000026 0.000063 0.000133 0.000254
7.5500 0.000000 0.000000 0.000000 0.000000 0.000000 0.000000 0.000001 0.000005 0.000017 0.000024 0.000059 0.000126 0.000242
7.6000 0.000000 0.000000 0.000000 0.000000 0.000000 0.000000 0.000001 0.000005 0.000016 0.000023 0.000056 0.000119 0.000230
7.6500 0.000000 0.000000 0.000000 0.000000 0.000000 0.000000 0.000001 0.000005 0.000015 0.000021 0.000053 0.000113 0.000219
7.7000 0.000000 0.000000 0.000000 0.000000 0.000000 0.000000 0.000001 0.000004 0.000014 0.000020 0.000050 0.000108 0.000209
7.7500 0.000000 0.000000 0.000000 0.000000 0.000000 0.000000 0.000001 0.000004 0.000013 0.000019 0.000047 0.000102 0.000199
7.8000 0.000000 0.000000 0.000000 0.000000 0.000000 0.000000 0.000001 0.000004 0.000012 0.000018 0.000044 0.000097 0.000189
7.8500 0.000000 0.000000 0.000000 0.000000 0.000000 0.000000 0.000001 0.000003 0.000011 0.000017 0.000042 0.000092 0.000180
7.9000 0.000000 0.000000 0.000000 0.000000 0.000000 0.000000 0.000001 0.000003 0.000010 0.000016 0.000040 0.000087 0.000172
7.9500 0.000000 0.000000 0.000000 0.000000 0.000000 0.000000 0.000001 0.000003 0.000010 0.000015 0.000037 0.000083 0.000163