# names: Stable Curve 1; 2; 3; 4; 5; 6
0.0000 1.000070 0.300007 0.310008 0.320008 0.330009 0.340010 0.350010
0.0500 1.000884 0.386499 0.408153 0.429207 0.449937 0.470475 0.490888
0.1000 1.007576 0.462518 0.496755 0.529544 0.561529 0.593022 0.624191
0.1500 1.043937 0.532959 0.580440 0.625617 0.669466 0.712483 0.754943
0.2000 1.172422 0.608211 0.670162 0.729075 0.786167 0.842091 0.897220
0.2500 1.457833 0.703676 0.782786 0.858269 0.931495 1.003233 1.073945
0.3000 1.822578 0.824917 0.924822 1.020584 1.113676 1.204968 1.294995
0.3500 2.000000 0.950182 1.072810 1.190786 1.305670 1.418426 1.529666
0.4000 1.822578 1.044062 1.187506 1.325897 1.460824 1.593317 1.724050
0.4500 1.457833 1.092710 1.252360 1.406959 1.557931 1.706283 1.852705
0.5000 1.172422 1.110604 1.281825 1.448648 1.612049 1.772865 1.931721
0.5500 1.043937 1.117720 1.297135 1.473498 1.647058 1.818329 1.987784
0.6000 1.007576 1.124640 1.309961 1.494128 1.676476 1.857077 2.036174
0.6500 1.000884 1.134203 1.323790 1.514479 1.704613 1.893748 2.081842
0.7000 1.000070 1.146486 1.339103 1.535268 1.732343 1.929328 2.125860
0.7500 1.000004 1.161069 1.355771 1.556533 1.759799 1.964009 2.168460
0.8000 1.000000 1.177539 1.373610 1.578226 1.787016 1.997878 2.209757
0.8500 1.000000 1.195556 1.392456 1.600299 1.814019 2.031001 2.249847
0.9000 1.000000 1.214838 1.412167 1.622708 1.840827 2.063442 2.288819
0.9500 1.000000 1.235157 1.432622 1.645414 1.867459 2.095258 2.326757
1.0000 1.000000 1.256325 1.453716 1.668384 1.893934 2.126502 2.363737
1.0500 1.000000 1.278187 1.475358 1.691587 1.920265 2.157222 2.399831
1.1000 1.000000 1.300618 1.497473 1.714996 1.946467 2.187461 2.435102
1.1500 1.000000 1.323514 1.519994 1.738588 1.972553 2.217260 2.469614
1.2000 1.000000 1.346792 1.542863 1.762341 1.998533 2.246656 2.503421
1.2500 1.000000 1.370382 1.566032 1.786238 2.024418 2.275683 2.536576
1.3000 1.000000 1.394228 1.589458 1.810261 2.050218 2.304372 2.569127
1.3500 1.000000 1.418283 1.613105 1.834396 2.075939 2.332751 2.601119
1.4000 1.000000 1.442509 1.636943 1.858631 2.101591 2.360846 2.632594
1.4500 1.000000 1.466876 1.660944 1.882954 2.127180 2.388681 2.663589
1.5000 1.000000 1.491357 1.685086 1.907354 2.152711 2.416278 2.694140
1.5500 1.000000 1.515932 1.709348 1.931823 2.178191 2.443657 2.724280
1.6000 1.000000 1.540585 1.733714 1.956353 2.203624 2.470836 2.754040
1.6500 1.000000 1.565300 1.758169 1.980937 2.229015 2.497832 2.783447
1.7000 1.000000 1.590067 1.782700 2.005569 2.254369 2.524661 2.812528
1.7500 1.000000 1.614876 1.807298 2.030243 2.279688 2.551336 2.841307
1.8000 1.000000 1.639720 1.831952 2.054955 2.304976 2.577870 2.869806
1.8500 1.000000 1.664592 1.856655 2.079699 2.330236 2.604276 2.898046
1.9000 1.000000 1.689487 1.881399 2.104473 2.355471 2.630563 2.926046
1.9500 1.000000 1.714401 1.906180 2.129273 2.380683 2.656743 2.953824
2.0000 1.000000 1.739331 1.930991 2.154096 2.405875 2.682823 2.981396
2.0500 1.000000 1.764274 1.955829 2.178939 2.431048 2.708812 3.008778
2.1000 1.000000 1.789227 1.980690 2.203800 2.456204 2.734719 3.035984
2.1500 1.000000 1.814188 2.005570 2.228678 2.481345 2.760549 3.063026
2.2000 1.000000 1.839157 2.030467 2.253569 2.506472 2.786310 3.089917
2.2500 1.000000 1.864131 2.055379 2.278472 2.531587 2.812006 3.116668
2.3000 1.000000 1.889110 2.080303 2.303387 2.556691 2.837645 3.143289
2.3500 1.000000 1.914092 2.105237 2.328312 2.581785 2.863229 3.169790
2.4000 1.000000 1.939078 2.130181 2.353245 2.606870 2.888765 3.196181
2.4500 1.000000 1.964067 2.155133 2.378186 2.631946 2.914255 3.222468
2.5000 1.000000 1.989057 2.180091 2.403134 2.657015 2.939705 3.248660
2.5500 1.000000 2.014049 2.205056 2.428087 2.682077 2.965116 3.274763
2.6000 1.000000 2.039043 2.230025 2.453046 2.707134 2.990493 3.300785
2.6500 1.000000 2.064038 2.254999 2.478010 2.732185 3.015839 3.326732
2.7000 1.000000 2.089033 2.279976 2.502978 2.757230 3.041155 3.352608
2.7500 1.000000 2.114030 2.304957 2.527949 2.782272 3.066445 3.378419
2.8000 1.000000 2.139027 2.329940 2.552924 2.807309 3.091710 3.404170
2.8500 1.000000 2.164025 2.354926 2.577902 2.832343 3.116953 3.429866
2.9000 1.000000 2.189023 2.379913 2.602882 2.857374 3.142176 3.455510
2.9500 1.000000 2.214021 2.404903 2.627865 2.882401 3.167380 3.481107
3.0000 1.000000 2.239020 2.429894 2.652849 2.907426 3.192567 3.506659
3.0500 1.000000 2.264019 2.454886 2.677836 2.932449 3.217738 3.532170
3.1000 1.000000 2.289018 2.479879 2.702824 2.957469 3.242895 3.557644
3.1500 1.000000 2.314017 2.504873 2.727813 2.982487 3.268039 3.583082
3.2000 1.000000 2.339017 2.529868 2.752803 3.007504 3.293170 3.608488
3.2500 1.000000 2.364016 2.554864 2.777795 3.032519 3.318291 3.633864
3.3000 1.000000 2.389016 2.579860 2.802788 3.057532 3.343401 3.659213
3.3500 1.000000 2.414016 2.604857 2.827781 3.082544 3.368502 3.684535
3.4000 1.000000 2.439015 2.629854 2.852775 3.107555 3.393595 3.709833
3.4500 1.000000 2.464015 2.654852 2.877770 3.132565 3.418680 3.735110
3.5000 1.000000 2.489015 2.679850 2.902765 3.157574 3.443758 3.760366
3.5500 1.000000 2.514015 2.704848 2.927761 3.182582 3.468829 3.785603
3.6000 1.000000 2.539015 2.729847 2.952758 3.207590 3.493894 3.810822
3.6500 1.000000 2.564015 2.754846 2.977755 3.232596 3.518954 3.836025
3.7000 1.000000 2.589015 2.779845 3.002752 3.257602 3.544009 3.861213
3.7500 1.000000 2.614014 2.804844 3.027749 3.282608 3.569059 3.886388
3.8000 1.000000 2.639014 2.829843 3.052747 3.307612 3.594105 3.911549
3.8500 1.000000 2.664014 2.854842 3.077745 3.332617 3.619147 3.936698
3.9000 1.000000 2.689014 2.879841 3.102744 3.357621 3.644185 3.961837
3.9500 1.000000 2.714014 2.904841 3.127742 3.382624 3.669221 3.986965
4.0000 1.000000 2.739014 2.929841 3.152741 3.407628 3.694253 4.012083
4.0500 1.000000 2.764014 2.954840 3.177739 3.432631 3.719282 4.037193
4.1000 1.000000 2.789014 2.979840 3.202738 3.457633 3.744310 4.062295
4.1500 1.000000 2.814014 3.004840 3.227737 3.482636 3.769334 4.087389
4.2000 1.000000 2.839014 3.029839 3.252737 3.507638 3.794357 4.112476
4.2500 1.000000 2.864014 3.054839 3.277736 3.532640 3.819378 4.137557
4.3000 1.000000 2.889014 3.079839 3.302735 3.557641 3.844397 4.162631
4.3500 1.000000 2.914014 3.104839 3.327735 3.582643 3.869415 4.187701
4.4000 1.000000 2.939014 3.129839 3.352734 3.607644 3.894431 4.212765
4.4500 1.000000 2.964014 3.154839 3.377734 3.632646 3.919445 4.237824
4.5000 1.000000 2.989014 3.179838 3.402733 3.657647 3.944459 4.262879
4.5500 1.000000 3.014014 3.204838 3.427733 3.682648 3.969471 4.287930
4.6000 1.000000 3.039014 3.229838 3.452733 3.707649 3.994482 4.312977
4.6500 1.000000 3.064014 3.254838 3.477732 3.732650 4.019493 4.338021
4.7000 1.000000 3.089014 3.279838 3.502732 3.757651 4.044502 4.363061
4.7500 1.000000 3.114014 3.304838 3.527732 3.782651 4.069511 4.388098
4.8000 1.000000 3.139014 3.329838 3.552732 3.807652 4.094519 4.413133
4.8500 1.000000 3.164014 3.354838 3.577732 3.832652 4.119526 4.438165
4.9000 1.000000 3.189014 3.379838 3.602731 3.857653 4.144533 4.463195
4.9500 1.000000 3.214014 3.404838 3.627731 3.882653 4.169539 4.488222
5.0000 1.000000 3.239014 3.429838 3.652731 3.907654 4.194545 4.513248
5.0500 1.000000 3.264014 3.454838 3.677731 3.932654 4.219550 4.538271
5.1000 1.000000 3.289014 3.479838 3.702731 3.957655 4.244554 4.563293
5.1500 1.000000 3.314014 3.504838 3.727731 3.982655 4.269559 4.588313
5.2000 1.000000 3.339014 3.529838 3.752731 4.007655 4.294563 4.613332
5.2500 1.000000 3.364014 3.554838 3.777731 4.032655 4.319566 4.638349
5.3000 1.000000 3.389014 3.579838 3.802731 4.057656 4.344570 4.663366
5.3500 1.000000 3.414014 3.604838 3.827731 4.082656 4.369573 4.688380
5.4000 1.000000 3.439014 3.629838 3.852731 4.107656 4.394575 4.713394
5.4500 1.000000 3.464014 3.654838 3.877731 4.132656 4.419578 4.738407
5.5000 1.000000 3.489014 3.679838 3.902731 4.157656 4.444580 4.763419
5.5500 1.000000 3.514014 3.704838 3.927730 4.182656 4.469582 4.788430
5.6000 1.000000 3.539014 3.729838 3.952730 4.207657 4.494584 4.813440
5.6500 1.000000 3.564014 3.754838 3.977730 4.232657 4.519586 4.838449
5.7000 1.000000 3.589014 3.779838 4.002730 4.257657 4.544588 4.863458
5.7500 1.000000 3.614014 3.804838 4.027730 4.282657 4.569589 4.888466
5.8000 1.000000 3.639014 3.829838 4.052730 4.307657 4.594591 4.913473
5.8500 1.000000 3.664014 3.854838 4.077730 4.332657 4.619592 4.938480
5.9000 1.000000 3.689014 3.879838 4.102730 4.357657 4.644593 4.963486
5.9500 1.000000 3.714014 3.904838 4.127730 4.382657 4.669594 4.988492
6.0000 1.000000 3.739014 3.929838 4.152730 4.407657 4.694595 5.013498
6.0500 1.000000 3.764014 3.954838 4.177730 4.432657 4.719596 5.038503
6.1000 1.000000 3.789014 3.979838 4.202730 4.457657 4.744597 5.063508
6.1500 1.000000 3.814014 4.004838 4.227730 4.482657 4.769597 5.088512
6.2000 1.000000 3.839014 4.029838 4.252730 4.507657 4.794598 5.113516
6.2500 1.000000 3.864014 4.054838 4.277730 4.532657 4.819599 5.138520
6.3000 1.000000 3.889014 4.079838 4.302730 4.557657 4.844599 5.163523
6.3500 1.000000 3.914014 4.104838 4.327730 4.582657 4.869600 5.188526
6.4000 1.000000 3.939014 4.129838 4.352730 4.607658 4.894600 5.213529
6.4500 1.000000 3.964014 4.154838 4.377730 4.632658 4.919601 5.238532
6.5000 1.000000 3.989014 4.179838 4.402730 4.657658 4.944601 5.263535
6.5500 1.000000 4.014014 4.204838 4.427730 4.682658 4.969602 5.288537
6.6000 1.000000 4.039014 4.229838 4.452730 4.707658 4.994602 5.313539
6.6500 1.000000 4.064014 4.254838 4.477730 4.732658 5.019602 5.338541
6.7000 1.000000 4.089014 4.279838 4.502730 4.757658 5.044602 5.363543
6.7500 1.000000 4.114014 4.304838 4.527730 4.782658 5.069603 5.388545
6.8000 1.000000 4.139014 4.329838 4.552730 4.807658 5.094603 5.413546
6.8500 1.000000 4.164014 4.354838 4.577730 4.832658 5.119603 5.438548
6.9000 1.000000 4.189014 4.379838 4.602730 4.857658 5.144603 5.463549
6.9500 1.000000 4.214014 4.404838 4.627730 4.882658 5.169604 5.488550
7.0000 1.000000 4.239014 4.429838 4.652730 4.907658 5.194604 5.513552
7.0500 1.000000 4.264014 4.454838 4.677730 4.932658 5.219604 5.538553
7.1000 1.000000 4.289014 4.479838 4.702730 4.957658 5.244604 5.563554
7.1500 1.000000 4.314014 4.504838 4.727730 4.982658 5.269604 5.588555
7.2000 1.000000 4.339014 4.529838 4.752730 5.007658 5.294604 5.613555
7.2500 1.000000 4.364014 4.554838 4.777730 5.032658 5.319604 5.638556
7.3000 1.000000 4.389014 4.579838 4.802730 5.057658 5.344604 5.663557
7.3500 1.000000 4.414014 4.604838 4.827730 5.082658 5.369605 5.688558
7.4000 1.000000 4.439014 4.629838 4.852730 5.107658 5.394605 5.713558
7.4500 1.000000 4.464014 4.654838 4.877730 5.132658 5.419605 5.738559
7.5000 1.000000 4.489014 4.679838 4.902730 5.157658 5.444605 5.763559
7.5500 1.000000 4.514014 4.704838 4.927730 5.182658 5.469605 5.788560
7.6000 1.000000 4.539014 4.729838 4.952730 5.207658 5.494605 5.813560
7.6500 1.000000 4.564014 4.754838 4.977730 5.232658 5.519605 5.838561
7.7000 1.000000 4.589014 4.779838 5.002730 5.257658 5.544605 5.863561
7.7500 1.000000 4.614014 4.804838 5.027730 5.282658 5.569605 5.888562
7.8000 1.000000 4.639014 4.829838 5.052730 5.307658 5.594605 5.913562
7.8500 1.000000 4.664014 4.854838 5.077730 5.332658 5.619605 5.938562
7.9000 1.000000 4.689014 4.879838 5.102730 5.357658 5.644605 5.963563
7.9500 1.000000 4.714014 4.904838 5.127730 5.382658 5.669605 5.988563