# names: Curve 1; Curve 2; Curve 3; Curve 4; Curve 5; Curve 6; Curve 7; Curve 8; Curve 9; Curve 10; Curve 11; Curve 12; Curve 13; Curve 14; Curve 15; Curve 16; Curve 17; Curve 18; Curve 19; Curve 20; Curve 21; Curve 22; Curve 23; Curve 24; Curve 25; Curve 26; Curve 27; Curve 28; Curve 29; Curve 30; Curve 31; Curve 32; Curve 33; Curve 34; Curve 35; Curve 36; Curve 37; Curve 38; Curve 39; Curve 40; Curve 41; Curve 42; Curve 43; Curve 44; Curve 45; Curve 46; Curve 47; Curve 48; Curve 49; Curve 50
0.0000 0.000004 0.024391 0.001126 0.001496 0.022708 0.011756 0.000000 0.000000 0.000000 0.027165 0.000000 0.000000 0.000000 0.000000 0.000000 0.000000 0.000000 0.000000 0.011963 0.001842 0.023584 0.000000 0.022455 0.016237 0.000000 0.000000 0.032300 0.000000 0.000000 0.035511 0.025320 0.031406 0.040029 0.000000 0.013332 0.000000 0.023452 0.000000 0.000000 0.000000 0.039673 0.020352 0.024516 0.000000 0.000000 0.030218 0.000000 0.000000 0.000000 0.000555 0.000000
0.0500 0.000103 0.006567 0.016000 0.000000 0.000000 0.025136 0.000000 0.000000 0.000882 0.000000 0.004007 0.000000 0.023079 0.000000 0.000000 0.003124 0.000000 0.022095 0.000000 0.001546 0.000000 0.015497 0.000000 0.024646 0.000000 0.000000 0.024170 0.019919 0.000000 0.022851 0.000000 0.037284 0.000000 0.000000 0.025649 0.008911 0.000000 0.000000 0.004963 0.029915 0.028190 0.002957 0.030890 0.000000 0.000000 0.015050 0.029017 0.016734 0.000000 0.015954 0.000000
0.1000 0.001699 0.000000 0.015164 0.000000 0.000000 0.000000 0.000000 0.018644 0.000000 0.000000 0.011232 0.000000 0.000000 0.000000 0.000000 0.000000 0.031633 0.000374 0.001189 0.025696 0.000000 0.015874 0.008396 0.032931 0.000000 0.000000 0.000000 0.023353 0.000000 0.033511 0.000000 0.027743 0.000000 0.036642 0.032278 0.041329 0.016099 0.017878 0.020145 0.000000 0.000000 0.000000 0.000000 0.000000 0.000000 0.008541 0.000000 0.000000 0.000000 0.024812 0.034218
0.1500 0.016880 0.012460 0.012746 0.010721 0.006504 0.005483 0.000000 0.019348 0.029180 0.000000 0.027248 0.027373 0.000000 0.000000 0.021772 0.017917 0.006128 0.000844 0.024882 0.000000 0.000000 0.000000 0.000000 0.000000 0.000000 0.012359 0.000000 0.006345 0.000000 0.016314 0.000000 0.000000 0.000000 0.000000 0.000000 0.040275 0.033022 0.040213 0.000000 0.000000 0.044707 0.000000 0.000000 0.000000 0.010550 0.039486 0.000000 0.000000 0.000000 0.011455 0.015840
0.2000 0.100669 0.017567 0.010968 0.000000 0.024666 0.034402 0.032771 0.000000 0.000000 0.028647 0.017456 0.025376 0.000000 0.034843 0.038995 0.038819 0.009267 0.000000 0.037725 0.034246 0.021454 0.014684 0.002455 0.028560 0.000000 0.000000 0.000000 0.009383 0.001786 0.046115 0.016923 0.033862 0.000000 0.034844 0.024756 0.044997 0.000000 0.010563 0.044774 0.023867 0.000000 0.000000 0.002071 0.031968 0.050863 0.036505 0.000000 0.041867 0.000000 0.013778 0.045146
0.2500 0.360448 0.041872 0.006703 0.020920 0.008561 0.042930 0.015435 0.004744 0.047201 0.041086 0.026312 0.035992 0.045215 0.034474 0.009599 0.048186 0.043258 0.053319 0.042755 0.006457 0.020957 0.001680 0.052226 0.047518 0.044181 0.000000 0.000000 0.049704 0.000000 0.000000 0.000000 0.001703 0.051778 0.000000 0.022122 0.006189 0.048589 0.036988 0.000000 0.043317 0.072318 0.028079 0.042817 0.000000 0.032081 0.071432 0.000000 0.035138 0.059869 0.030660 0.000000
0.3000 0.774837 0.058533 0.041250 0.070973 0.054221 0.062034 0.063397 0.072219 0.079324 0.088007 0.097767 0.031908 0.050253 0.064615 0.052867 0.066012 0.054435 0.061596 0.091221 0.073963 0.056727 0.086648 0.033324 0.047933 0.074679 0.102736 0.028472 0.088844 0.055179 0.081882 0.109389 0.026581 0.049498 0.033931 0.069108 0.060252 0.074993 0.049072 0.042716 0.083842 0.123982 0.089271 0.055831 0.045386 0.035765 0.042656 0.057612 0.070614 0.032841 0.035988 0.104912
0.3500 1.000000 0.084023 0.116888 0.129517 0.113775 0.145004 0.109193 0.097805 0.125044 0.130520 0.164284 0.078163 0.113866 0.130462 0.109142 0.123133 0.091766 0.086697 0.145480 0.107090 0.120655 0.133024 0.127249 0.120741 0.103664 0.153107 0.120912 0.113567 0.125571 0.154780 0.130598 0.133802 0.133246 0.157652 0.098892 0.181800 0.095764 0.090332 0.114585 0.173187 0.167812 0.104106 0.148632 0.149075 0.103164 0.133333 0.137294 0.152611 0.144468 0.131651 0.106349
0.4000 0.774837 0.118259 0.152134 0.168848 0.173059 0.205338 0.111528 0.135582 0.148365 0.189093 0.201487 0.162378 0.134367 0.160729 0.154164 0.202036 0.109692 0.146785 0.137811 0.174285 0.177285 0.120790 0.130255 0.176390 0.147855 0.183253 0.139356 0.176091 0.129091 0.189672 0.211261 0.132326 0.163581 0.138667 0.179820 0.184598 0.102357 0.150806 0.194585 0.190957 0.216284 0.112022 0.140551 0.152111 0.161172 0.197865 0.103198 0.155276 0.153701 0.195415 0.201503
0.4500 0.360448 0.127301 0.128898 0.133485 0.176807 0.193636 0.121497 0.134651 0.177765 0.188613 0.188956 0.157765 0.148121 0.163805 0.157445 0.183969 0.162224 0.184980 0.196763 0.166394 0.174114 0.113421 0.189597 0.193950 0.180178 0.221067 0.148970 0.151085 0.189958 0.156334 0.223854 0.125304 0.160883 0.184895 0.226040 0.224948 0.113577 0.177683 0.147576 0.154413 0.206138 0.151503 0.195921 0.140265 0.180130 0.172716 0.143592 0.208264 0.171890 0.199943 0.215275
0.5000 0.100669 0.137900 0.143098 0.126909 0.144061 0.197539 0.104009 0.124770 0.148309 0.189970 0.199459 0.150464 0.163001 0.176129 0.149789 0.176581 0.111860 0.176524 0.190145 0.164886 0.172884 0.148065 0.121594 0.203327 0.182605 0.200238 0.158359 0.127449 0.159579 0.190023 0.220932 0.128686 0.161028 0.206594 0.225362 0.191026 0.135391 0.157554 0.202772 0.202141 0.252413 0.122588 0.165480 0.218427 0.199362 0.211289 0.170537 0.184226 0.209419 0.163283 0.164968
0.5500 0.016880 0.105047 0.093102 0.149233 0.124290 0.152091 0.108897 0.105780 0.155390 0.147348 0.156589 0.099515 0.102839 0.114709 0.152343 0.187290 0.143117 0.150759 0.157151 0.156137 0.198858 0.102680 0.132054 0.143371 0.186145 0.162324 0.114063 0.169811 0.144188 0.209195 0.218362 0.106508 0.149317 0.206052 0.208499 0.183397 0.171853 0.192894 0.134254 0.218651 0.163659 0.134342 0.155113 0.168071 0.230169 0.181461 0.141238 0.201629 0.222851 0.186559 0.237251
0.6000 0.001699 0.080620 0.123306 0.130555 0.113566 0.133572 0.112360 0.124008 0.125713 0.124791 0.126104 0.091091 0.103467 0.128737 0.115130 0.179899 0.122896 0.154798 0.166232 0.144770 0.183346 0.128157 0.157088 0.114389 0.125895 0.161763 0.132990 0.173302 0.127365 0.187021 0.216396 0.147031 0.180926 0.146082 0.203610 0.207286 0.163454 0.126291 0.147811 0.169883 0.233009 0.111968 0.131796 0.162546 0.187391 0.193151 0.107465 0.107835 0.127227 0.228946 0.162480
0.6500 0.000103 0.077688 0.100725 0.089769 0.123331 0.110691 0.100929 0.083984 0.112882 0.142757 0.131935 0.108615 0.084221 0.131644 0.149145 0.169896 0.116512 0.112787 0.135300 0.121803 0.170172 0.088418 0.099326 0.153196 0.169097 0.133150 0.132197 0.157493 0.105344 0.173779 0.171589 0.147212 0.107879 0.133868 0.174226 0.175431 0.156219 0.128865 0.180186 0.137730 0.169573 0.161312 0.109696 0.125381 0.170640 0.202141 0.101481 0.157337 0.177988 0.217524 0.219966
0.7000 0.000004 0.051614 0.056830 0.076208 0.085223 0.126309 0.062392 0.104577 0.082854 0.126998 0.139912 0.072995 0.088220 0.082256 0.116042 0.104871 0.089746 0.138351 0.141683 0.118903 0.114522 0.135022 0.140013 0.104897 0.148613 0.157624 0.098235 0.126107 0.096186 0.117334 0.135272 0.096097 0.139849 0.150257 0.180426 0.130537 0.143576 0.096128 0.174411 0.127991 0.170044 0.149616 0.097849 0.135994 0.195628 0.210228 0.138464 0.120807 0.110664 0.121557 0.132056
0.7500 0.000000 0.062399 0.043930 0.099404 0.110620 0.071791 0.044779 0.103503 0.094363 0.092993 0.128052 0.050197 0.113831 0.095688 0.123916 0.101921 0.111482 0.087887 0.106553 0.151261 0.110869 0.125209 0.122848 0.082408 0.129236 0.124314 0.124188 0.106997 0.161969 0.112306 0.122688 0.141996 0.088607 0.144596 0.150870 0.189894 0.106361 0.142659 0.104443 0.120655 0.189710 0.118621 0.112364 0.139209 0.106940 0.210291 0.135738 0.173686 0.129620 0.188864 0.211646
0.8000 0.000000 0.061531 0.076163 0.044593 0.099690 0.064034 0.060942 0.085577 0.082723 0.085254 0.092633 0.093486 0.093945 0.090239 0.107594 0.136265 0.076890 0.063706 0.077914 0.084834 0.093930 0.102288 0.131190 0.111073 0.113523 0.117470 0.115805 0.114606 0.147395 0.128068 0.161436 0.080565 0.084568 0.115277 0.107552 0.165098 0.137941 0.105973 0.153744 0.133390 0.109471 0.117093 0.146448 0.168106 0.150304 0.168338 0.081627 0.165082 0.104458 0.130818 0.163136
0.8500 0.000000 0.028113 0.070655 0.055540 0.073995 0.050183 0.041086 0.046174 0.056804 0.069384 0.092926 0.065619 0.103350 0.097343 0.099052 0.096628 0.063251 0.056548 0.088339 0.122843 0.145986 0.081081 0.083566 0.072888 0.097216 0.127462 0.065842 0.083909 0.132414 0.148780 0.136830 0.134002 0.133349 0.079462 0.113612 0.102570 0.128156 0.092503 0.164904 0.169165 0.141227 0.109282 0.137093 0.118893 0.149456 0.184406 0.076965 0.077556 0.087409 0.155748 0.111656
0.9000 0.000000 0.013801 0.067918 0.025465 0.083599 0.049351 0.055754 0.038393 0.071376 0.078936 0.090975 0.081522 0.044320 0.051585 0.114225 0.090774 0.089224 0.063497 0.081476 0.115332 0.086023 0.068750 0.062673 0.084515 0.086593 0.146389 0.048618 0.057876 0.128151 0.124213 0.088283 0.082389 0.095741 0.145824 0.130454 0.160239 0.116341 0.126379 0.156931 0.108372 0.176396 0.121892 0.150542 0.078646 0.140711 0.189479 0.089924 0.137688 0.157467 0.146504 0.118818
0.9500 0.000000 0.023560 0.062158 0.059136 0.033595 0.069520 0.029045 0.060527 0.056935 0.083680 0.082446 0.039944 0.081242 0.070564 0.046019 0.106255 0.031493 0.060279 0.074880 0.054803 0.080183 0.069381 0.077996 0.120555 0.129753 0.124726 0.106458 0.093592 0.081756 0.074339 0.082619 0.076505 0.114946 0.098089 0.119116 0.159058 0.074902 0.064017 0.137382 0.119652 0.137013 0.107349 0.093512 0.133314 0.095921 0.098589 0.051758 0.140181 0.152953 0.155657 0.123395
1.0000 0.000000 0.025649 0.038669 0.050493 0.051049 0.076626 0.027419 0.017112 0.067928 0.072200 0.092800 0.055759 0.066111 0.059239 0.084585 0.069195 0.054407 0.086666 0.058080 0.106380 0.108347 0.095838 0.101123 0.116627 0.124261 0.072599 0.062377 0.069150 0.120640 0.113484 0.114377 0.107483 0.068710 0.095071 0.134982 0.094599 0.077824 0.113695 0.091468 0.133940 0.148480 0.104551 0.133110 0.098792 0.136130 0.086781 0.095637 0.131395 0.112245 0.128117 0.166156
1.0500 0.000000 0.048810 0.021686 0.050684 0.034976 0.070866 0.016861 0.042056 0.029026 0.063157 0.072273 0.070218 0.038279 0.060651 0.049269 0.083021 0.042653 0.040731 0.066315 0.072206 0.050276 0.060833 0.045533 0.048241 0.080891 0.099530 0.071281 0.106581 0.104062 0.072103 0.131921 0.059405 0.077120 0.118400 0.087568 0.067805 0.042532 0.117874 0.131242 0.070653 0.109223 0.112932 0.136935 0.078744 0.084106 0.112651 0.102178 0.116106 0.144762 0.130485 0.108931
1.1000 0.000000 0.011914 0.007956 0.023516 0.046231 0.034440 0.010547 0.037974 0.068258 0.062624 0.073709 0.053296 0.042163 0.061641 0.031696 0.043146 0.044775 0.030826 0.066590 0.065289 0.042845 0.084648 0.029533 0.075645 0.077827 0.074659 0.068188 0.098040 0.060757 0.086229 0.070302 0.048972 0.061625 0.065431 0.073621 0.136238 0.098512 0.114064 0.124930 0.092121 0.139164 0.089221 0.077413 0.127003 0.070611 0.126765 0.039711 0.129984 0.084370 0.083914 0.119685
1.1500 0.000000 0.016223 0.024974 0.005859 0.009231 0.026991 0.025234 0.009812 0.013476 0.023657 0.033398 0.065615 0.019545 0.061724 0.083726 0.086589 0.044380 0.059067 0.055327 0.029999 0.075926 0.071251 0.084600 0.085879 0.058855 0.104702 0.079859 0.047477 0.100749 0.073850 0.068422 0.092431 0.111727 0.043126 0.108338 0.135320 0.041958 0.037786 0.059769 0.076479 0.080216 0.070162 0.085614 0.063902 0.114644 0.102144 0.068573 0.126315 0.108181 0.105968 0.118014
1.2000 0.000000 0.012602 0.000000 0.013758 0.005757 0.023892 0.034284 0.011186 0.007765 0.009583 0.053954 0.027832 0.036599 0.014099 0.058392 0.077990 0.049792 0.059999 0.032208 0.031959 0.084827 0.052644 0.053923 0.068646 0.061942 0.105618 0.089246 0.024548 0.082773 0.076440 0.113015 0.027211 0.083657 0.094266 0.057035 0.082633 0.088170 0.079969 0.113439 0.130192 0.143014 0.076971 0.056016 0.055714 0.103673 0.063536 0.103845 0.095809 0.076558 0.110871 0.098829
1.2500 0.000000 0.036322 0.029845 0.042105 0.012343 0.010053 0.000000 0.048515 0.025988 0.060579 0.034744 0.045720 0.062650 0.021885 0.016347 0.019569 0.028172 0.025018 0.047837 0.031025 0.050226 0.017102 0.053784 0.031837 0.065862 0.040519 0.035603 0.074988 0.056103 0.052997 0.065939 0.095014 0.050812 0.111978 0.081368 0.052894 0.070322 0.055184 0.120348 0.070691 0.126365 0.035064 0.096126 0.108513 0.123776 0.122457 0.106970 0.076951 0.089584 0.067142 0.077992
1.3000 0.000000 0.019070 0.005399 0.034162 0.008473 0.036239 0.001637 0.000391 0.034145 0.042043 0.035174 0.032776 0.020836 0.051704 0.047781 0.055034 0.023213 0.071566 0.025635 0.033469 0.085883 0.048130 0.047477 0.031866 0.069695 0.037833 0.050115 0.058266 0.095090 0.093746 0.071706 0.049476 0.022228 0.060459 0.081200 0.039967 0.061661 0.043432 0.067556 0.059604 0.111747 0.021845 0.064652 0.123616 0.072250 0.058148 0.103564 0.059409 0.126067 0.111503 0.078080
1.3500 0.000000 0.000000 0.036583 0.039008 0.017367 0.030228 0.025710 0.006712 0.016727 0.016932 0.056043 0.000000 0.031031 0.046125 0.046951 0.068845 0.052841 0.002793 0.042805 0.039751 0.056491 0.005754 0.022156 0.067156 0.083683 0.061327 0.081596 0.025816 0.063818 0.055192 0.107349 0.057190 0.052128 0.085426 0.034300 0.060550 0.023799 0.045452 0.053186 0.117567 0.116046 0.052204 0.100784 0.062639 0.083096 0.103522 0.040398 0.095723 0.108262 0.082999 0.077360
1.4000 0.000000 0.009261 0.000000 0.034457 0.020545 0.017371 0.020976 0.018446 0.017118 0.029858 0.025174 0.007776 0.045495 0.022942 0.003661 0.067863 0.034692 0.018804 0.028976 0.018586 0.016499 0.042680 0.043699 0.037882 0.017910 0.020102 0.004131 0.076308 0.048766 0.085725 0.044541 0.035775 0.017482 0.022782 0.046319 0.100918 0.077871 0.031812 0.073725 0.033641 0.038766 0.063473 0.021969 0.089317 0.075276 0.089710 0.025177 0.065675 0.040147 0.062372 0.120324
1.4500 0.000000 0.000000 0.003373 0.000000 0.000000 0.036390 0.026805 0.008522 0.000000 0.002050 0.034451 0.040252 0.000000 0.050532 0.050778 0.028196 0.057487 0.056912 0.016141 0.036473 0.053824 0.045061 0.035087 0.034171 0.056688 0.020911 0.031931 0.080478 0.080927 0.067021 0.077466 0.072001 0.051380 0.043928 0.045251 0.044169 0.011589 0.036095 0.104096 0.092233 0.089273 0.080348 0.029266 0.090397 0.080085 0.117387 0.067363 0.035124 0.095294 0.070726 0.127143
1.5000 0.000000 0.029717 0.005000 0.017799 0.012293 0.040606 0.001297 0.010845 0.000980 0.001173 0.046977 0.016121 0.006756 0.021493 0.022927 0.026973 0.043649 0.039074 0.036679 0.028536 0.064077 0.020005 0.049982 0.033089 0.077283 0.074847 0.045641 0.064535 0.058676 0.017240 0.043338 0.014857 0.044517 0.048662 0.071855 0.054282 0.013948 0.044606 0.036373 0.077529 0.097119 0.045526 0.047030 0.033125 0.112150 0.040906 0.024059 0.067881 0.081574 0.036029 0.073341
1.5500 0.000000 0.013503 0.000000 0.000000 0.032454 0.000000 0.007493 0.007611 0.033356 0.043161 0.037181 0.015666 0.023126 0.030309 0.007438 0.026298 0.000000 0.017006 0.000000 0.011864 0.023706 0.018913 0.067214 0.013682 0.021650 0.058021 0.049315 0.056067 0.045463 0.072002 0.041302 0.064973 0.040701 0.016557 0.078839 0.076907 0.071891 0.037476 0.051180 0.029028 0.066278 0.082397 0.089903 0.060938 0.052063 0.082399 0.037932 0.063537 0.077935 0.117382 0.098142
1.6000 0.000000 0.002818 0.024516 0.017342 0.000000 0.037998 0.021503 0.007958 0.022403 0.000000 0.008081 0.035615 0.022883 0.042050 0.047472 0.017421 0.045878 0.003668 0.031366 0.046476 0.050692 0.054629 0.008442 0.023532 0.015890 0.051121 0.024776 0.000932 0.069128 0.014382 0.051804 0.003768 0.059209 0.077717 0.016580 0.063208 0.027305 0.008677 0.071397 0.022960 0.056285 0.067914 0.030122 0.027156 0.105675 0.102122 0.062868 0.028062 0.048430 0.082821 0.052605
1.6500 0.000000 0.000000 0.000000 0.019449 0.012295 0.002613 0.000000 0.000338 0.003392 0.038359 0.003067 0.008421 0.000885 0.036382 0.000000 0.012645 0.004736 0.000000 0.049105 0.032794 0.045879 0.049605 0.021667 0.050643 0.046268 0.036224 0.058276 0.015968 0.069002 0.035536 0.082726 0.065485 0.046657 0.012569 0.034306 0.016314 0.012163 0.076917 0.043072 0.014485 0.070892 0.008052 0.038992 0.038057 0.049283 0.063817 0.002188 0.074779 0.045937 0.079128 0.040884
1.7000 0.000000 0.009771 0.030295 0.000709 0.010789 0.016225 0.000000 0.008338 0.000000 0.022717 0.000000 0.016850 0.010454 0.009259 0.006900 0.000386 0.001418 0.000000 0.028301 0.014309 0.044639 0.020588 0.030391 0.032691 0.009343 0.018199 0.046981 0.013328 0.000933 0.043299 0.025848 0.059155 0.024670 0.073329 0.007570 0.081172 0.026973 0.045716 0.082753 0.037997 0.059184 0.038624 0.010555 0.082492 0.065794 0.107160 0.064135 0.006116 0.021844 0.043880 0.112849
1.7500 0.000000 0.000000 0.015911 0.024697 0.000000 0.032754 0.021478 0.000000 0.000000 0.000000 0.012316 0.003939 0.037969 0.015515 0.000000 0.034757 0.045717 0.020101 0.000000 0.042061 0.007152 0.005951 0.057001 0.009813 0.014765 0.015955 0.028657 0.061986 0.000000 0.002729 0.010422 0.028679 0.000000 0.014027 0.067767 0.078143 0.028782 0.002200 0.081770 0.092401 0.062962 0.043278 0.048871 0.065864 0.066242 0.065794 0.035131 0.090009 0.089416 0.022213 0.082819
1.8000 0.000000 0.000000 0.000000 0.000000 0.014744 0.016181 0.000000 0.000000 0.000000 0.000000 0.024158 0.035609 0.033619 0.017350 0.000000 0.000190 0.032012 0.000000 0.030827 0.009582 0.037582 0.044054 0.000000 0.004805 0.057371 0.029484 0.000000 0.042044 0.042395 0.066402 0.063854 0.055485 0.015149 0.044188 0.081763 0.039504 0.074117 0.073732 0.047425 0.050339 0.050296 0.047840 0.061508 0.016213 0.057197 0.104779 0.009579 0.081657 0.091808 0.080802 0.036390
1.8500 0.000000 0.000000 0.004286 0.023945 0.028840 0.000000 0.000000 0.006989 0.009144 0.000000 0.000923 0.000000 0.000000 0.000809 0.022415 0.028158 0.000000 0.008556 0.000000 0.004150 0.021721 0.048617 0.011100 0.051281 0.032179 0.033311 0.054983 0.062615 0.065388 0.031637 0.072539 0.042610 0.000000 0.011739 0.005856 0.067183 0.022475 0.054231 0.030186 0.053063 0.065662 0.079273 0.044172 0.036383 0.068130 0.064042 0.061316 0.087520 0.091376 0.070104 0.016292
1.9000 0.000000 0.006522 0.027521 0.000000 0.000000 0.020666 0.020791 0.009152 0.025345 0.032564 0.000000 0.000000 0.021750 0.036575 0.027163 0.000000 0.026102 0.040151 0.000000 0.010162 0.029109 0.040798 0.052205 0.034087 0.059440 0.028050 0.000000 0.041801 0.010334 0.034654 0.064393 0.044266 0.000000 0.008645 0.047397 0.001312 0.018045 0.048322 0.066259 0.022433 0.065749 0.010927 0.062193 0.040965 0.092422 0.067804 0.000000 0.011357 0.073421 0.078518 0.076819
1.9500 0.000000 0.025195 0.017937 0.000000 0.014890 0.023936 0.002875 0.008697 0.028761 0.035194 0.000000 0.000000 0.026808 0.000000 0.009688 0.000000 0.000000 0.007529 0.000000 0.043280 0.030220 0.000000 0.035415 0.044938 0.033249 0.053649 0.050154 0.030954 0.035782 0.028921 0.055865 0.045527 0.022442 0.058579 0.057233 0.052269 0.004383 0.013728 0.050255 0.071740 0.025852 0.000000 0.072399 0.081800 0.023726 0.062246 0.053079 0.069077 0.013478 0.071700 0.054922
2.0000 0.000000 0.000000 0.022649 0.026735 0.000000 0.005411 0.023157 0.000000 0.030151 0.000000 0.034708 0.000000 0.019692 0.000000 0.034711 0.000000 0.033177 0.002636 0.000000 0.045670 0.000000 0.000000 0.000000 0.012754 0.005799 0.008063 0.015526 0.017596 0.044381 0.002830 0.068623 0.036728 0.049141 0.013276 0.024439 0.029298 0.035922 0.000000 0.046767 0.057020 0.009194 0.036538 0.049489 0.042701 0.045343 0.086983 0.034311 0.015626 0.014520 0.033447 0.015040
2.0500 0.000000 0.002550 0.022575 0.006095 0.014502 0.019896 0.000000 0.000000 0.016043 0.000000 0.017961 0.000000 0.000000 0.001936 0.020477 0.018700 0.000000 0.030732 0.000000 0.022342 0.038904 0.016834 0.036204 0.000000 0.000000 0.000000 0.015856 0.000000 0.036540 0.021351 0.033447 0.052880 0.003807 0.021057 0.001091 0.048219 0.000000 0.000000 0.027799 0.055209 0.035637 0.064706 0.071364 0.068772 0.005441 0.063048 0.027830 0.035414 0.000000 0.001786 0.046475
2.1000 0.000000 0.000000 0.010183 0.022369 0.022615 0.027862 0.000000 0.027977 0.000000 0.004883 0.000000 0.000000 0.000000 0.000000 0.016119 0.024324 0.007187 0.041899 0.009257 0.001333 0.000000 0.000000 0.013138 0.008508 0.006756 0.023501 0.010451 0.002775 0.037167 0.034338 0.013805 0.019254 0.001357 0.023512 0.050805 0.067826 0.022249 0.024058 0.049540 0.034467 0.015791 0.026586 0.066899 0.053334 0.029727 0.083127 0.003141 0.055457 0.032388 0.039534 0.024673
2.1500 0.000000 0.022525 0.014201 0.000000 0.000000 0.000000 0.028893 0.023028 0.000000 0.017003 0.007848 0.006219 0.000000 0.031440 0.000000 0.000000 0.022767 0.003014 0.000000 0.000000 0.012405 0.000000 0.046681 0.000000 0.036747 0.011092 0.035923 0.000000 0.021105 0.000000 0.004214 0.045712 0.012459 0.000000 0.043827 0.021693 0.045230 0.000000 0.050600 0.069181 0.021401 0.048285 0.012511 0.028159 0.018223 0.003329 0.049613 0.044295 0.048065 0.047310 0.062936
2.2000 0.000000 0.014899 0.017140 0.002416 0.000000 0.012458 0.000000 0.000000 0.000000 0.021925 0.032519 0.017906 0.005573 0.000000 0.000000 0.022128 0.033638 0.000000 0.006721 0.000000 0.005438 0.000000 0.000000 0.000000 0.002318 0.027696 0.031851 0.000000 0.000000 0.001207 0.012924 0.000000 0.025854 0.000000 0.014767 0.011415 0.015568 0.043051 0.068585 0.045296 0.005887 0.066069 0.062413 0.021825 0.000000 0.029734 0.035269 0.025066 0.023771 0.000000 0.072047
2.2500 0.000000 0.000000 0.000000 0.000000 0.011950 0.000000 0.024453 0.011560 0.004922 0.000000 0.021776 0.009489 0.009520 0.006243 0.027197 0.000000 0.000000 0.015944 0.004819 0.027039 0.033810 0.000000 0.000000 0.000000 0.048942 0.000000 0.026944 0.014497 0.038822 0.051662 0.015580 0.000000 0.031461 0.000000 0.048471 0.050607 0.000000 0.024754 0.011190 0.036431 0.068885 0.053672 0.008779 0.059554 0.050121 0.037983 0.034239 0.025320 0.041590 0.045926 0.025739
2.3000 0.000000 0.000146 0.010366 0.008620 0.013900 0.000000 0.000000 0.000000 0.000000 0.000000 0.027724 0.000000 0.017414 0.010916 0.006528 0.003189 0.000000 0.000000 0.014431 0.036105 0.016834 0.029466 0.045572 0.014825 0.006672 0.015170 0.007159 0.038844 0.015136 0.000000 0.009290 0.011880 0.043171 0.060338 0.030099 0.029979 0.005787 0.034563 0.025918 0.066267 0.035320 0.000000 0.036538 0.000000 0.056600 0.017617 0.000000 0.016791 0.000000 0.023970 0.026348
2.3500 0.000000 0.025019 0.003353 0.000000 0.000000 0.011792 0.018244 0.005931 0.000000 0.015562 0.007567 0.032929 0.000000 0.004164 0.011000 0.002935 0.000000 0.000000 0.000000 0.033160 0.000864 0.011348 0.021719 0.033324 0.000000 0.000000 0.011153 0.007265 0.024441 0.042270 0.010828 0.035278 0.012844 0.000000 0.046563 0.046387 0.024860 0.047002 0.000000 0.043412 0.027986 0.059492 0.064819 0.010412 0.016306 0.038092 0.000627 0.000000 0.031019 0.007508 0.072872
2.4000 0.000000 0.001777 0.004027 0.009498 0.008595 0.000000 0.018720 0.026082 0.023326 0.000000 0.000000 0.028660 0.000000 0.008780 0.018492 0.030327 0.007628 0.000000 0.000000 0.036235 0.024123 0.028159 0.000000 0.000000 0.000000 0.000000 0.000000 0.000000 0.014556 0.012916 0.052685 0.026974 0.036196 0.018635 0.036154 0.000000 0.005740 0.000000 0.053707 0.043923 0.057190 0.016042 0.011265 0.011746 0.054726 0.046459 0.000000 0.048609 0.000000 0.018077 0.020277
2.4500 0.000000 0.011293 0.019115 0.015973 0.027601 0.025523 0.000000 0.000000 0.018827 0.000000 0.000000 0.027464 0.000000 0.015714 0.000000 0.000000 0.000000 0.000210 0.035644 0.000000 0.011502 0.041306 0.037944 0.011993 0.000000 0.000000 0.025080 0.000000 0.007057 0.000000 0.025857 0.048008 0.020838 0.031894 0.015662 0.037192 0.018524 0.000000 0.041818 0.000000 0.000000 0.000000 0.000000 0.000000 0.062752 0.075853 0.059891 0.000000 0.060498 0.069281 0.000000
2.5000 0.000000 0.001799 0.000000 0.000000 0.024370 0.026180 0.014541 0.002875 0.023451 0.004930 0.000000 0.000000 0.003233 0.000000 0.032950 0.014577 0.000000 0.000000 0.026788 0.028741 0.024153 0.000000 0.015210 0.000000 0.027649 0.000000 0.000000 0.030252 0.000000 0.003165 0.000000 0.038050 0.045639 0.000000 0.013038 0.029605 0.022560 0.022886 0.036243 0.066006 0.004343 0.036331 0.055286 0.000000 0.010907 0.014379 0.055017 0.022697 0.000000 0.027348 0.010139
2.5500 0.000000 0.000000 0.000000 0.000000 0.000000 0.019958 0.000000 0.014005 0.000987 0.004069 0.000000 0.030535 0.019330 0.004435 0.019586 0.014044 0.029279 0.016149 0.025958 0.000000 0.027791 0.000000 0.032524 0.000000 0.003684 0.046563 0.011708 0.000000 0.000000 0.000000 0.000000 0.000000 0.002432 0.035803 0.030347 0.041778 0.054607 0.034830 0.027897 0.000000 0.051470 0.000000 0.060418 0.011032 0.042701 0.031628 0.000815 0.021124 0.067620 0.002094 0.039519
2.6000 0.000000 0.000000 0.025325 0.000000 0.000000 0.000000 0.017581 0.000000 0.000000 0.009797 0.031029 0.015289 0.003953 0.007078 0.000000 0.003180 0.000000 0.000000 0.000000 0.023876 0.027836 0.000508 0.032972 0.010582 0.000000 0.008897 0.000000 0.000000 0.013902 0.000000 0.000000 0.000000 0.038878 0.019182 0.016065 0.000000 0.048695 0.000307 0.054467 0.040251 0.018644 0.058732 0.000000 0.000000 0.054640 0.004658 0.001422 0.000000 0.037893 0.024244 0.065532
2.6500 0.000000 0.000000 0.000000 0.000000 0.000000 0.016272 0.000000 0.000000 0.018222 0.000000 0.000000 0.017323 0.021609 0.012535 0.008664 0.000000 0.018297 0.017214 0.000000 0.000000 0.000000 0.000000 0.010910 0.013043 0.018011 0.000000 0.013358 0.037795 0.000000 0.000000 0.002976 0.028104 0.030175 0.000000 0.026731 0.000000 0.042009 0.049095 0.040865 0.061957 0.000000 0.041836 0.000000 0.053247 0.022100 0.000482 0.000000 0.000000 0.055741 0.000000 0.022296
2.7000 0.000000 0.000000 0.000000 0.000000 0.011397 0.016101 0.013261 0.000000 0.000000 0.000000 0.024922 0.000000 0.000000 0.000000 0.000000 0.000000 0.000000 0.033325 0.011058 0.000000 0.005913 0.012631 0.000000 0.004678 0.001239 0.000000 0.000000 0.039648 0.000000 0.002177 0.036683 0.000000 0.000000 0.049096 0.004617 0.031878 0.028285 0.029671 0.024244 0.043843 0.000000 0.000000 0.000000 0.032909 0.000000 0.003702 0.000000 0.000000 0.031212 0.016570 0.004740
2.7500 0.000000 0.015453 0.000000 0.018091 0.000000 0.000000 0.000000 0.008861 0.000000 0.007590 0.029140 0.019935 0.000000 0.000000 0.000000 0.024674 0.024769 0.021487 0.003720 0.015861 0.028084 0.000000 0.014214 0.041925 0.000000 0.014836 0.000000 0.009222 0.000000 0.000000 0.016766 0.027112 0.000000 0.047049 0.021376 0.035259 0.000000 0.034722 0.015802 0.028591 0.018385 0.000000 0.000000 0.025912 0.050975 0.035817 0.043522 0.021718 0.016106 0.031404 0.005436
2.8000 0.000000 0.017234 0.011991 0.000000 0.000000 0.015070 0.000000 0.000000 0.025868 0.004772 0.000000 0.009284 0.002471 0.031270 0.000968 0.008525 0.000000 0.030304 0.012984 0.000000 0.000987 0.000000 0.029339 0.002306 0.035196 0.001195 0.039771 0.022303 0.019749 0.000000 0.028349 0.000000 0.008801 0.002050 0.000000 0.006502 0.040079 0.002278 0.000000 0.000000 0.029851 0.028768 0.006185 0.000000 0.000000 0.034389 0.045629 0.044452 0.064671 0.024799 0.069859
2.8500 0.000000 0.000000 0.016082 0.000000 0.019130 0.000000 0.003492 0.011152 0.000000 0.007910 0.000000 0.013944 0.005386 0.006885 0.000000 0.002802 0.000000 0.031031 0.029187 0.017915 0.037699 0.000000 0.000000 0.000000 0.000000 0.036933 0.000000 0.000000 0.033492 0.000000 0.032375 0.028361 0.021391 0.027192 0.021654 0.049050 0.030949 0.028366 0.053975 0.000000 0.044015 0.000000 0.000000 0.043837 0.001530 0.000000 0.054568 0.029315 0.000000 0.052271 0.044349
2.9000 0.000000 0.000000 0.007865 0.018937 0.000000 0.000000 0.000000 0.000000 0.000000 0.000000 0.000000 0.000000 0.021198 0.000000 0.024455 0.000000 0.000000 0.022911 0.013725 0.000000 0.014656 0.036332 0.019598 0.000000 0.000000 0.028750 0.007461 0.037886 0.000000 0.037764 0.037975 0.022433 0.000000 0.016516 0.000000 0.012247 0.003423 0.023599 0.041640 0.000000 0.000000 0.000000 0.007681 0.000000 0.007817 0.042613 0.000000 0.043998 0.056881 0.003589 0.000000
2.9500 0.000000 0.000000 0.004075 0.009310 0.016027 0.000000 0.018332 0.015700 0.015091 0.013056 0.000000 0.000000 0.003167 0.000000 0.018550 0.012106 0.000000 0.003082 0.019039 0.030868 0.028217 0.033177 0.022443 0.017106 0.000000 0.000000 0.006424 0.000000 0.022372 0.000000 0.000000 0.000000 0.016902 0.000000 0.018235 0.000000 0.050552 0.028854 0.011537 0.000000 0.006790 0.055410 0.000000 0.012806 0.062240 0.017276 0.028239 0.029014 0.000000 0.059239 0.016006
3.0000 0.000000 0.000000 0.000000 0.016204 0.000000 0.020222 0.000403 0.000000 0.020259 0.009953 0.000000 0.005594 0.025447 0.013508 0.029781 0.019205 0.000000 0.000000 0.026522 0.030475 0.021232 0.007100 0.000000 0.037432 0.041550 0.000000 0.012745 0.004930 0.000000 0.004082 0.043985 0.029450 0.000000 0.000000 0.002504 0.000000 0.029304 0.017554 0.000000 0.039363 0.013336 0.037956 0.000000 0.009953 0.002665 0.000000 0.012405 0.060895 0.000000 0.047209 0.047813
3.0500 0.000000 0.000000 0.000000 0.000000 0.008119 0.000000 0.000000 0.013170 0.009807 0.000000 0.000000 0.000000 0.000000 0.029500 0.017472 0.000000 0.000000 0.000000 0.009646 0.018513 0.030414 0.027245 0.034351 0.000000 0.027850 0.039543 0.015864 0.021092 0.035558 0.044584 0.000000 0.000000 0.000000 0.023701 0.019707 0.000000 0.043199 0.000000 0.003555 0.006504 0.004092 0.035002 0.026433 0.005453 0.000000 0.000000 0.043963 0.045685 0.000000 0.034917 0.000000
3.1000 0.000000 0.003324 0.010223 0.022347 0.000000 0.000000 0.026161 0.028073 0.005492 0.000000 0.027969 0.004161 0.000000 0.004568 0.011054 0.031904 0.000000 0.023657 0.019145 0.007670 0.037528 0.000000 0.000000 0.015495 0.000000 0.010278 0.030243 0.005443 0.000000 0.000000 0.013204 0.005782 0.000000 0.000000 0.028339 0.036648 0.000000 0.000000 0.026708 0.000000 0.025578 0.000000 0.000000 0.021274 0.052820 0.027862 0.058045 0.000000 0.020075 0.020949 0.045760
3.1500 0.000000 0.000000 0.000000 0.021153 0.024593 0.000000 0.023151 0.007424 0.002107 0.000000 0.000000 0.000000 0.000000 0.018337 0.028574 0.000000 0.000000 0.014672 0.000000 0.000864 0.037494 0.000000 0.000000 0.015455 0.029883 0.000000 0.036306 0.001493 0.000000 0.000000 0.003776 0.000000 0.000000 0.025507 0.000000 0.029726 0.014990 0.000000 0.011362 0.020164 0.004164 0.000000 0.023210 0.000000 0.029965 0.021182 0.000000 0.000000 0.061729 0.011551 0.067053
3.2000 0.000000 0.002132 0.024601 0.000000 0.000000 0.023615 0.000000 0.000000 0.000000 0.000000 0.000000 0.008079 0.002439 0.010223 0.021882 0.004263 0.016483 0.011545 0.000000 0.002260 0.001536 0.033845 0.000000 0.037855 0.018394 0.035180 0.000000 0.018654 0.000000 0.036419 0.000000 0.016415 0.005762 0.005540 0.027412 0.034622 0.003137 0.000000 0.000000 0.000000 0.018800 0.007401 0.021313 0.046460 0.044144 0.033465 0.000000 0.015239 0.000000 0.000000 0.000000
3.2500 0.000000 0.000000 0.000000 0.015235 0.000000 0.000000 0.018398 0.000000 0.000000 0.000000 0.000000 0.000000 0.012270 0.000000 0.024366 0.000000 0.006243 0.027197 0.000000 0.000000 0.000000 0.000000 0.000000 0.019631 0.000000 0.020672 0.000000 0.000000 0.003494 0.018974 0.023116 0.000000 0.008920 0.000000 0.000000 0.000000 0.000000 0.000000 0.038448 0.031421 0.036149 0.000000 0.000000 0.055006 0.019604 0.056849 0.027111 0.000000 0.000000 0.005297 0.042125
3.3000 0.000000 0.007856 0.000000 0.000000 0.000000 0.002096 0.000000 0.000000 0.004955 0.000000 0.015940 0.023138 0.000000 0.023467 0.000000 0.030353 0.024318 0.002556 0.021183 0.000000 0.006401 0.000000 0.011476 0.016932 0.000000 0.008382 0.000000 0.023015 0.000000 0.040391 0.000000 0.000000 0.000000 0.040701 0.021475 0.000000 0.030540 0.021609 0.000000 0.023551 0.000000 0.000000 0.039184 0.010741 0.015712 0.000000 0.000000 0.025055 0.057077 0.000388 0.000000
3.3500 0.000000 0.000000 0.023745 0.000000 0.017069 0.000000 0.000000 0.000775 0.000000 0.012331 0.000000 0.000000 0.022088 0.012719 0.013701 0.012207 0.012403 0.016366 0.021649 0.025089 0.022887 0.000000 0.030106 0.012968 0.028557 0.000000 0.037480 0.003243 0.000000 0.000000 0.002191 0.022536 0.000000 0.000000 0.037576 0.000000 0.046099 0.000000 0.007880 0.000000 0.002709 0.037095 0.036773 0.045262 0.042550 0.027472 0.008198 0.000000 0.000000 0.014987 0.054885
3.4000 0.000000 0.024856 0.000000 0.003575 0.000000 0.007900 0.000000 0.000000 0.018000 0.018242 0.000000 0.012603 0.009816 0.000000 0.012021 0.012728 0.000000 0.009851 0.000000 0.000000 0.000000 0.012345 0.012056 0.036924 0.035249 0.000000 0.000000 0.000000 0.018823 0.008401 0.000000 0.000000 0.000000 0.006120 0.041814 0.021343 0.019173 0.014860 0.030636 0.000000 0.015910 0.000000 0.000000 0.000000 0.051851 0.000000 0.021758 0.013888 0.000000 0.000000 0.017913
3.4500 0.000000 0.000000 0.000000 0.012105 0.010500 0.009310 0.000000 0.024408 0.000000 0.000000 0.000000 0.022751 0.007420 0.000000 0.029455 0.000000 0.000000 0.000000 0.000000 0.029591 0.000000 0.016709 0.010030 0.000000 0.000000 0.000000 0.009359 0.013036 0.000000 0.039156 0.000132 0.000000 0.024469 0.000000 0.021305 0.015914 0.009803 0.000000 0.014346 0.015823 0.000000 0.048991 0.000000 0.000000 0.000000 0.000000 0.000000 0.043907 0.014930 0.000000 0.048374
3.5000 0.000000 0.017940 0.021228 0.005104 0.009658 0.006538 0.026293 0.026845 0.000000 0.000000 0.000000 0.000000 0.017918 0.000000 0.003644 0.009958 0.025939 0.014904 0.000000 0.008313 0.000000 0.000000 0.000000 0.035810 0.033726 0.000000 0.000000 0.000000 0.022273 0.041936 0.000000 0.000000 0.024663 0.010598 0.017649 0.036816 0.000000 0.000694 0.011304 0.000000 0.000000 0.000000 0.000000 0.006243 0.006418 0.012037 0.039165 0.021018 0.040161 0.006215 0.054666
3.5500 0.000000 0.000000 0.006043 0.010158 0.022381 0.000000 0.000000 0.000000 0.002787 0.000000 0.000000 0.029396 0.000000 0.004316 0.010798 0.027148 0.000000 0.004330 0.000000 0.000000 0.007160 0.000000 0.000000 0.000000 0.000000 0.031510 0.000000 0.032901 0.007362 0.025706 0.000000 0.042434 0.000000 0.000000 0.013719 0.000000 0.009239 0.012704 0.007582 0.005966 0.034633 0.000000 0.000000 0.005489 0.000000 0.010923 0.000000 0.029210 0.000000 0.000000 0.000000
3.6000 0.000000 0.006909 0.000000 0.022828 0.000000 0.000000 0.003972 0.000000 0.007225 0.011984 0.010895 0.000000 0.000000 0.000000 0.027367 0.000000 0.000000 0.003975 0.000000 0.026218 0.000000 0.000000 0.000000 0.020273 0.000000 0.000000 0.010035 0.038463 0.000000 0.024680 0.000000 0.000000 0.038802 0.021324 0.000000 0.000000 0.012711 0.000000 0.025680 0.000000 0.000000 0.010493 0.028618 0.015954 0.000000 0.000000 0.052642 0.005962 0.049900 0.038114 0.039204
3.6500 0.000000 0.000000 0.000000 0.000000 0.000000 0.013788 0.022682 0.021277 0.014611 0.027149 0.000000 0.022684 0.000000 0.009818 0.010250 0.010299 0.000000 0.021299 0.016428 0.004590 0.000000 0.000000 0.013657 0.025835 0.000000 0.013656 0.006648 0.000000 0.000000 0.000000 0.000000 0.017105 0.000000 0.000000 0.007710 0.008804 0.045042 0.000000 0.000000 0.000000 0.000000 0.039210 0.000000 0.035917 0.042095 0.004683 0.000000 0.052593 0.024167 0.015861 0.000000
3.7000 0.000000 0.000000 0.000000 0.000000 0.000000 0.004187 0.015668 0.000000 0.000000 0.000000 0.023324 0.000000 0.000000 0.000000 0.000000 0.025478 0.030370 0.000000 0.000000 0.000000 0.007861 0.026065 0.035021 0.015635 0.000000 0.010432 0.029998 0.019808 0.002338 0.000000 0.029079 0.040821 0.015543 0.000000 0.023786 0.041762 0.021712 0.041564 0.000000 0.000000 0.027987 0.000000 0.000000 0.040112 0.002842 0.000000 0.005766 0.045645 0.000000 0.003638 0.000000
3.7500 0.000000 0.000000 0.000000 0.012311 0.000000 0.002289 0.008616 0.002835 0.000000 0.000000 0.000000 0.027467 0.022802 0.003210 0.000000 0.015578 0.000000 0.002365 0.015568 0.019268 0.000000 0.000000 0.000000 0.000000 0.020036 0.031973 0.000000 0.034676 0.017396 0.032312 0.000000 0.000000 0.034537 0.009476 0.000000 0.010392 0.000000 0.040981 0.000000 0.025420 0.000000 0.000000 0.016041 0.000000 0.000000 0.000000 0.042849 0.000000 0.052692 0.029968 0.020653
3.8000 0.000000 0.000000 0.005838 0.008193 0.000000 0.003675 0.009809 0.000000 0.000000 0.000000 0.000000 0.000000 0.015544 0.000000 0.006048 0.022641 0.014690 0.002950 0.019876 0.024170 0.006231 0.000000 0.026956 0.000000 0.031716 0.000000 0.038516 0.038885 0.002866 0.037313 0.000000 0.000000 0.000000 0.000000 0.000781 0.000000 0.038901 0.000000 0.000000 0.002271 0.027459 0.027454 0.000000 0.000000 0.017112 0.008240 0.000000 0.002507 0.000000 0.000000 0.000000
3.8500 0.000000 0.000000 0.022426 0.000000 0.000000 0.000000 0.009493 0.000000 0.024763 0.014248 0.027761 0.000000 0.015527 0.015455 0.003264 0.030740 0.025431 0.000000 0.019083 0.027644 0.000000 0.000000 0.014514 0.000000 0.000000 0.020653 0.000000 0.018973 0.035609 0.000000 0.000000 0.032787 0.000000 0.000000 0.000000 0.000000 0.034386 0.038395 0.001968 0.029606 0.026499 0.000000 0.034168 0.000804 0.048214 0.000000 0.000000 0.014768 0.011906 0.000000 0.000000
3.9000 0.000000 0.008229 0.025048 0.000000 0.000000 0.000000 0.011946 0.013271 0.020444 0.000000 0.000697 0.000000 0.001097 0.029452 0.000000 0.000000 0.032055 0.000000 0.000000 0.000000 0.000000 0.015776 0.000000 0.000000 0.000000 0.025490 0.000000 0.016906 0.000000 0.000000 0.000000 0.000000 0.002428 0.031069 0.011555 0.043824 0.000000 0.000000 0.002380 0.000000 0.021601 0.031008 0.028978 0.020705 0.000000 0.027017 0.000000 0.045782 0.000000 0.026479 0.000000
3.9500 0.000000 0.000000 0.000029 0.011996 0.009004 0.000000 0.000000 0.011409 0.007962 0.017194 0.018049 0.000000 0.008160 0.022045 0.006576 0.005061 0.022716 0.000000 0.000000 0.013663 0.014999 0.000000 0.000000 0.017224 0.037540 0.003360 0.022467 0.016194 0.019282 0.000000 0.000000 0.000000 0.038855 0.032326 0.000000 0.029941 0.034071 0.000012 0.018510 0.034732 0.016827 0.026164 0.015516 0.000000 0.028891 0.038346 0.039631 0.052326 0.012150 0.000000 0.009501
4.0000 0.000000 0.013142 0.000000 0.000000 0.000000 0.019833 0.000000 0.000000 0.000000 0.000000 0.000000 0.005652 0.004275 0.000000 0.011793 0.023257 0.007770 0.000000 0.000000 0.024186 0.011382 0.000000 0.021460 0.033691 0.022229 0.000000 0.027434 0.000000 0.000000 0.000000 0.024978 0.006765 0.000000 0.019573 0.000000 0.021940 0.038366 0.013168 0.006923 0.008394 0.000000 0.008641 0.000000 0.015067 0.000000 0.017395 0.002820 0.031666 0.015425 0.000000 0.015284
4.0500 0.000000 0.000000 0.000000 0.000000 0.000000 0.000000 0.023778 0.012918 0.010378 0.025602 0.024212 0.009589 0.005342 0.000000 0.006777 0.009271 0.000000 0.000000 0.000000 0.000000 0.034183 0.000000 0.025139 0.027682 0.001623 0.027537 0.000000 0.037083 0.000000 0.016564 0.000000 0.014419 0.000000 0.000000 0.008852 0.011429 0.010133 0.017929 0.000000 0.000000 0.000000 0.036761 0.000000 0.000000 0.000000 0.016611 0.000000 0.000000 0.045484 0.038117 0.000000
4.1000 0.000000 0.000000 0.000000 0.001893 0.000000 0.000000 0.012455 0.021551 0.019877 0.021093 0.017104 0.000000 0.000000 0.004911 0.000000 0.031256 0.031592 0.023313 0.000000 0.011611 0.000000 0.000000 0.000000 0.013762 0.009221 0.000000 0.000000 0.000000 0.000000 0.000000 0.040383 0.023649 0.040770 0.000000 0.001791 0.000000 0.009914 0.000000 0.009720 0.000000 0.000000 0.000000 0.002255 0.000000 0.000000 0.038076 0.000000 0.000000 0.000000 0.000000 0.012942
4.1500 0.000000 0.000000 0.022959 0.000000 0.000000 0.000000 0.000000 0.000000 0.008852 0.011594 0.000000 0.000506 0.000000 0.000000 0.031697 0.000000 0.029687 0.000000 0.010855 0.001230 0.007154 0.000000 0.028663 0.006221 0.000000 0.018566 0.000000 0.000000 0.000000 0.000000 0.000000 0.017044 0.038236 0.000000 0.000000 0.026345 0.000000 0.007660 0.009133 0.006472 0.000000 0.035436 0.000000 0.000000 0.000000 0.000000 0.000000 0.027130 0.018410 0.038712 0.000000
4.2000 0.000000 0.000000 0.000000 0.000392 0.002640 0.000000 0.017707 0.000000 0.007748 0.000000 0.002386 0.003604 0.000000 0.000000 0.016279 0.026435 0.020731 0.000000 0.029355 0.000000 0.014146 0.029749 0.000000 0.000000 0.033760 0.000000 0.016694 0.000000 0.000000 0.000000 0.000000 0.000000 0.000000 0.000000 0.024671 0.000000 0.016387 0.038173 0.039208 0.002102 0.021551 0.000000 0.000000 0.000000 0.000000 0.000000 0.044841 0.050601 0.037052 0.026983 0.000000
4.2500 0.000000 0.000000 0.000000 0.020752 0.000000 0.011744 0.017564 0.000000 0.007606 0.008375 0.006204 0.017895 0.028709 0.019058 0.000000 0.004546 0.011250 0.029781 0.000000 0.000000 0.021314 0.000000 0.030032 0.000000 0.000000 0.000000 0.022096 0.000484 0.021302 0.000000 0.000160 0.000000 0.007749 0.006411 0.000000 0.008553 0.000000 0.001751 0.044612 0.015034 0.000000 0.006603 0.004176 0.010227 0.031023 0.008122 0.038944 0.043024 0.020249 0.000000 0.028102
4.3000 0.000000 0.006135 0.000000 0.000000 0.000000 0.000000 0.000000 0.000000 0.000000 0.007539 0.027456 0.000000 0.000000 0.000317 0.013143 0.000000 0.000000 0.027142 0.005688 0.003064 0.000392 0.031890 0.018388 0.000000 0.033663 0.000000 0.005418 0.000000 0.004642 0.014070 0.000000 0.027821 0.000000 0.000000 0.000000 0.000000 0.009700 0.043526 0.042129 0.000000 0.000000 0.000000 0.000000 0.000000 0.013055 0.000000 0.009695 0.000000 0.000000 0.000000 0.000000
4.3500 0.000000 0.000000 0.003817 0.015781 0.000000 0.000000 0.000000 0.000000 0.000000 0.007512 0.017804 0.002881 0.000000 0.008803 0.000000 0.000000 0.002061 0.000000 0.012538 0.014261 0.000000 0.000000 0.000000 0.031902 0.017975 0.003742 0.003900 0.000000 0.000000 0.000000 0.038890 0.000000 0.000000 0.000000 0.035592 0.005727 0.000000 0.000000 0.023517 0.009205 0.000000 0.010379 0.000000 0.044555 0.000000 0.000000 0.031127 0.000000 0.038146 0.000000 0.026513
4.4000 0.000000 0.004355 0.016821 0.018946 0.020721 0.000000 0.020550 0.026683 0.000000 0.006400 0.002931 0.000000 0.001238 0.024800 0.017150 0.015939 0.013301 0.006432 0.000000 0.023970 0.000000 0.019419 0.000000 0.008737 0.026729 0.031344 0.013566 0.000000 0.036795 0.000000 0.000000 0.000000 0.000000 0.009177 0.027093 0.003750 0.000000 0.000614 0.000000 0.000000 0.038636 0.000000 0.032385 0.012294 0.000000 0.000326 0.038215 0.000000 0.000000 0.000000 0.021750
4.4500 0.000000 0.000000 0.000000 0.000000 0.003566 0.000000 0.000000 0.000800 0.004079 0.000000 0.000000 0.000000 0.000000 0.000000 0.018837 0.000000 0.000000 0.030872 0.006920 0.012836 0.000000 0.000000 0.008822 0.000000 0.000000 0.023114 0.000000 0.000000 0.013565 0.012767 0.024126 0.000000 0.000000 0.013173 0.030079 0.000000 0.000000 0.030292 0.009749 0.015759 0.009079 0.000000 0.000000 0.000000 0.004837 0.046970 0.000000 0.025777 0.000000 0.000000 0.032351
4.5000 0.000000 0.016778 0.016671 0.000000 0.000000 0.025769 0.018134 0.000000 0.000000 0.002849 0.000803 0.000000 0.000000 0.000000 0.000000 0.018301 0.000000 0.000000 0.000000 0.005917 0.005638 0.000000 0.000000 0.000000 0.000000 0.002916 0.016803 0.019705 0.014521 0.000000 0.000000 0.008460 0.003265 0.017515 0.026029 0.024608 0.007747 0.013356 0.036929 0.012239 0.007577 0.035010 0.034116 0.000000 0.023798 0.000000 0.005237 0.000000 0.043782 0.004103 0.048285
4.5500 0.000000 0.003336 0.008188 0.000000 0.000000 0.012989 0.000000 0.000000 0.000000 0.017504 0.000000 0.007626 0.021643 0.016817 0.000000 0.000000 0.000000 0.006030 0.000000 0.023828 0.000000 0.005438 0.022591 0.004013 0.018168 0.000000 0.017346 0.000000 0.000000 0.000000 0.020933 0.000000 0.026091 0.033751 0.000000 0.032003 0.000000 0.000000 0.036653 0.000000 0.046099 0.000000 0.018653 0.000000 0.044190 0.012124 0.009693 0.000000 0.000000 0.000000 0.000000
4.6000 0.000000 0.000000 0.000000 0.000000 0.013759 0.000000 0.005834 0.025361 0.008198 0.000000 0.014145 0.015133 0.000000 0.000000 0.000000 0.000000 0.019739 0.025083 0.000000 0.031912 0.010732 0.006597 0.000000 0.000000 0.010930 0.000000 0.000000 0.000000 0.000000 0.000000 0.000000 0.026077 0.000000 0.023816 0.009535 0.013144 0.000000 0.004203 0.012306 0.000000 0.003190 0.022212 0.000000 0.000000 0.000000 0.042703 0.000328 0.000000 0.006440 0.044970 0.042997
4.6500 0.000000 0.021003 0.000000 0.023956 0.013007 0.000000 0.000000 0.013305 0.015405 0.000000 0.000000 0.000000 0.029569 0.011758 0.000000 0.029147 0.000000 0.024933 0.000000 0.026456 0.000000 0.000000 0.000000 0.000000 0.000000 0.027316 0.002356 0.000000 0.035559 0.030188 0.013047 0.000000 0.000000 0.000000 0.000000 0.026785 0.024559 0.014476 0.026488 0.000000 0.013912 0.002342 0.036184 0.031260 0.000000 0.013649 0.022442 0.000000 0.000000 0.013732 0.000000
4.7000 0.000000 0.000000 0.000000 0.000000 0.000000 0.015880 0.026672 0.000000 0.000000 0.019242 0.010362 0.000000 0.000000 0.000000 0.019888 0.000000 0.031140 0.011827 0.000000 0.000000 0.000000 0.000000 0.021032 0.002565 0.000000 0.000000 0.033099 0.018484 0.000000 0.036113 0.000000 0.013273 0.014148 0.000000 0.000000 0.015168 0.026855 0.000000 0.000000 0.000000 0.038073 0.027708 0.036336 0.017249 0.024803 0.027036 0.033390 0.000000 0.000000 0.000000 0.000000
4.7500 0.000000 0.000000 0.024287 0.000000 0.000000 0.000000 0.000000 0.000000 0.000000 0.014214 0.000000 0.013721 0.021130 0.000000 0.007399 0.000000 0.028680 0.004851 0.000000 0.016705 0.000000 0.012670 0.000602 0.000000 0.011192 0.000000 0.020849 0.000000 0.031363 0.008329 0.000000 0.003340 0.001666 0.040249 0.000000 0.000000 0.000000 0.024461 0.000000 0.032189 0.007119 0.000000 0.010188 0.026008 0.027021 0.028358 0.025939 0.000000 0.017045 0.000000 0.026397
4.8000 0.000000 0.022592 0.000000 0.018355 0.000000 0.000000 0.000000 0.000555 0.000000 0.000000 0.025542 0.008507 0.026378 0.000000 0.023510 0.000000 0.004925 0.000000 0.003870 0.000000 0.012234 0.000000 0.010140 0.000000 0.032175 0.007317 0.000000 0.020053 0.000000 0.000000 0.000000 0.000597 0.000000 0.007855 0.000000 0.000000 0.003821 0.000000 0.007503 0.000000 0.027560 0.000000 0.020679 0.000000 0.000000 0.013595 0.014288 0.023624 0.037380 0.000000 0.011492
4.8500 0.000000 0.000000 0.000000 0.016829 0.000000 0.000000 0.007149 0.023418 0.000000 0.000000 0.000000 0.009870 0.002303 0.000000 0.000000 0.000000 0.000000 0.013065 0.013261 0.000000 0.000000 0.000000 0.026310 0.000000 0.000000 0.027829 0.015439 0.025022 0.033387 0.000000 0.037519 0.029872 0.000000 0.011788 0.038827 0.000000 0.000000 0.000000 0.000000 0.000000 0.000000 0.014488 0.010382 0.012761 0.000000 0.000000 0.001536 0.000000 0.024510 0.019538 0.000000
4.9000 0.000000 0.012139 0.019434 0.018108 0.009190 0.021620 0.012514 0.000000 0.003909 0.000000 0.000000 0.016500 0.000000 0.008413 0.028654 0.013426 0.000627 0.000000 0.000000 0.005379 0.028211 0.014098 0.000000 0.013470 0.020439 0.000000 0.000000 0.036482 0.008134 0.020346 0.000000 0.020315 0.031646 0.000000 0.017108 0.017431 0.000000 0.000000 0.000000 0.017998 0.000000 0.018533 0.034972 0.000000 0.024188 0.017725 0.000000 0.000000 0.000000 0.000000 0.016733
4.9500 0.000000 0.000000 0.013424 0.002319 0.014160 0.005135 0.000000 0.007346 0.000000 0.007056 0.027913 0.025237 0.000000 0.008164 0.000000 0.000000 0.000000 0.012158 0.000000 0.000000 0.000000 0.015300 0.023774 0.000934 0.031361 0.014371 0.016109 0.025775 0.000000 0.006130 0.000000 0.023902 0.000000 0.019292 0.000000 0.028165 0.013862 0.000000 0.000000 0.000000 0.030524 0.040122 0.017731 0.012098 0.000000 0.045092 0.048411 0.000000 0.018294 0.007367 0.000000
5.0000 0.000000 0.002836 0.003938 0.000000 0.000000 0.000000 0.006691 0.004013 0.015194 0.000000 0.000000 0.024159 0.003067 0.004770 0.026712 0.000000 0.029228 0.016642 0.000000 0.018050 0.014104 0.000000 0.009230 0.003562 0.000000 0.017283 0.000000 0.016955 0.026339 0.029301 0.000000 0.037803 0.000000 0.004242 0.003688 0.010080 0.000000 0.000000 0.003713 0.000000 0.010030 0.020634 0.000000 0.013126 0.000000 0.000310 0.000000 0.000000 0.038706 0.000000 0.000000
5.0500 0.000000 0.011156 0.000447 0.000000 0.020342 0.000000 0.015845 0.000000 0.028291 0.000000 0.000000 0.024290 0.000000 0.007088 0.024222 0.003386 0.000000 0.000000 0.026042 0.000000 0.025794 0.000000 0.000000 0.009161 0.008265 0.000000 0.000000 0.021632 0.019904 0.018918 0.003779 0.000000 0.000000 0.001604 0.037462 0.000000 0.000000 0.000033 0.000000 0.000000 0.000000 0.031616 0.000000 0.047115 0.000000 0.011011 0.033035 0.001838 0.000000 0.000000 0.000000
5.1000 0.000000 0.001870 0.000000 0.012821 0.007039 0.025833 0.021410 0.000000 0.024202 0.003346 0.017223 0.000000 0.000000 0.000000 0.007135 0.000000 0.017558 0.000000 0.025429 0.000000 0.000000 0.000000 0.000000 0.016187 0.017587 0.000000 0.022474 0.037685 0.001243 0.021026 0.000000 0.028681 0.000000 0.000000 0.001992 0.000094 0.000000 0.000000 0.000000 0.023158 0.000000 0.000000 0.000000 0.000000 0.000000 0.000000 0.000000 0.000000 0.000000 0.017077 0.048168
5.1500 0.000000 0.000000 0.000000 0.011596 0.002142 0.009574 0.000000 0.000000 0.000000 0.000000 0.000000 0.008381 0.028800 0.021380 0.029807 0.000000 0.000482 0.000000 0.000000 0.006682 0.000000 0.000000 0.026935 0.000000 0.000000 0.000000 0.000000 0.034325 0.000000 0.000000 0.000000 0.000000 0.000000 0.028426 0.000000 0.000000 0.000000 0.000000 0.034229 0.000000 0.033556 0.000000 0.046654 0.000000 0.022656 0.033367 0.008098 0.044498 0.001404 0.016900 0.025541
5.2000 0.000000 0.000000 0.000000 0.000000 0.000000 0.004862 0.000000 0.011215 0.026224 0.028450 0.026148 0.021692 0.017118 0.000000 0.000000 0.023792 0.000000 0.000000 0.000000 0.012693 0.018869 0.015888 0.000000 0.000000 0.000000 0.013587 0.018621 0.016736 0.028627 0.000000 0.033515 0.000000 0.000000 0.000000 0.030685 0.035757 0.000000 0.037901 0.000000 0.000000 0.000000 0.042235 0.000000 0.013964 0.010897 0.000000 0.028531 0.000000 0.007368 0.000000 0.000000
5.2500 0.000000 0.000000 0.002727 0.000000 0.024459 0.000000 0.000000 0.025843 0.026818 0.000000 0.010747 0.000000 0.000000 0.000000 0.029123 0.000000 0.001735 0.011228 0.003859 0.000000 0.024065 0.011816 0.000000 0.031220 0.001172 0.000000 0.007632 0.022795 0.029199 0.028322 0.039322 0.033524 0.035624 0.028650 0.002704 0.000000 0.000000 0.035717 0.039378 0.004556 0.014722 0.000000 0.013440 0.018212 0.000000 0.018185 0.000000 0.040946 0.000000 0.000000 0.000000
5.3000 0.000000 0.000000 0.000000 0.000000 0.000905 0.000000 0.000000 0.013328 0.024907 0.000000 0.000000 0.022822 0.000000 0.001091 0.021692 0.000000 0.000000 0.022849 0.000000 0.000000 0.000000 0.015324 0.000000 0.028347 0.033420 0.000000 0.035425 0.022372 0.000000 0.000000 0.000000 0.032744 0.026961 0.000000 0.000000 0.000000 0.037229 0.000000 0.026460 0.000000 0.000000 0.040820 0.000000 0.000000 0.024576 0.000000 0.000000 0.000000 0.000000 0.015962 0.010897
5.3500 0.000000 0.000000 0.020183 0.001364 0.010405 0.000000 0.000000 0.000000 0.002079 0.000000 0.025984 0.011583 0.005863 0.000000 0.000000 0.000000 0.002392 0.028316 0.015223 0.000000 0.000000 0.030119 0.000000 0.000000 0.013160 0.000000 0.021645 0.029999 0.000000 0.021020 0.000000 0.000000 0.000000 0.000000 0.000000 0.009883 0.000000 0.036245 0.043434 0.016318 0.005428 0.009314 0.000000 0.000000 0.018970 0.035123 0.026325 0.026968 0.022675 0.004070 0.000000
5.4000 0.000000 0.000000 0.002000 0.000000 0.000000 0.010063 0.026973 0.004070 0.008559 0.006797 0.000000 0.018997 0.009474 0.000000 0.010497 0.000000 0.000000 0.027632 0.000000 0.030616 0.000000 0.022643 0.000000 0.000000 0.018943 0.010380 0.000000 0.000000 0.018628 0.001365 0.013408 0.028116 0.000000 0.000000 0.030489 0.000000 0.041172 0.000000 0.030421 0.025545 0.025524 0.008089 0.000000 0.039778 0.000000 0.000000 0.000000 0.000000 0.000000 0.000000 0.022011
5.4500 0.000000 0.000000 0.001278 0.000000 0.026295 0.000000 0.009887 0.012081 0.000000 0.016728 0.009581 0.000000 0.001954 0.000000 0.000000 0.000000 0.000000 0.028049 0.000000 0.000000 0.011746 0.025129 0.002160 0.000000 0.032725 0.000000 0.000000 0.000000 0.031410 0.000000 0.020360 0.000000 0.009478 0.000000 0.031797 0.011993 0.000000 0.026022 0.044186 0.000000 0.000000 0.013872 0.000000 0.000000 0.017086 0.022246 0.025662 0.000000 0.020412 0.036750 0.036210
5.5000 0.000000 0.000000 0.012590 0.000000 0.000000 0.024102 0.000000 0.000000 0.000000 0.000000 0.008193 0.008311 0.002404 0.003067 0.026538 0.000085 0.000000 0.009450 0.000000 0.000000 0.009877 0.000000 0.031781 0.000000 0.000000 0.008780 0.032925 0.008152 0.020269 0.000000 0.000000 0.000000 0.000000 0.000000 0.020265 0.000425 0.000000 0.016733 0.009236 0.040195 0.043020 0.034099 0.014537 0.000000 0.000000 0.000952 0.000000 0.042317 0.000000 0.000000 0.000000
5.5500 0.000000 0.000000 0.000000 0.000000 0.016424 0.002869 0.000000 0.000000 0.002275 0.000000 0.000000 0.000000 0.014636 0.000000 0.026084 0.013962 0.000000 0.007694 0.022128 0.020400 0.003859 0.001155 0.000000 0.000000 0.002070 0.007659 0.000000 0.000000 0.031284 0.021370 0.019181 0.013747 0.023652 0.002841 0.000000 0.000000 0.000000 0.000000 0.019214 0.000000 0.000000 0.006306 0.000000 0.006999 0.000000 0.025887 0.000000 0.000000 0.039392 0.000000 0.000000
5.6000 0.000000 0.000000 0.004442 0.000000 0.000000 0.011520 0.000000 0.011396 0.019283 0.012169 0.000000 0.026826 0.001946 0.019804 0.000000 0.000000 0.000000 0.000000 0.000000 0.030778 0.019931 0.000000 0.000000 0.006938 0.003905 0.000000 0.000189 0.006785 0.000000 0.034731 0.000000 0.000000 0.009420 0.014702 0.004326 0.021459 0.000000 0.000000 0.000000 0.000000 0.005145 0.003860 0.000000 0.000000 0.022937 0.000000 0.000000 0.000000 0.000000 0.000000 0.000000
5.6500 0.000000 0.000000 0.000000 0.000000 0.000000 0.024784 0.020539 0.026356 0.021260 0.000000 0.005882 0.000000 0.000000 0.000000 0.000000 0.000000 0.000000 0.020454 0.026794 0.000000 0.000000 0.003694 0.000000 0.026161 0.000000 0.016479 0.002873 0.015742 0.015104 0.007992 0.000000 0.030429 0.000000 0.028342 0.004516 0.013093 0.000000 0.000000 0.000000 0.000000 0.029877 0.000000 0.005836 0.001053 0.019543 0.000000 0.025629 0.048860 0.035458 0.000000 0.031943
5.7000 0.000000 0.011822 0.000000 0.000000 0.026247 0.016667 0.000000 0.007550 0.000857 0.000000 0.017668 0.015537 0.005128 0.013113 0.014848 0.000000 0.023238 0.000000 0.000000 0.000000 0.026330 0.002961 0.004496 0.000000 0.000000 0.000000 0.015543 0.000000 0.024336 0.023323 0.000000 0.007105 0.032203 0.009032 0.000000 0.000000 0.000000 0.000000 0.004878 0.000000 0.031985 0.000000 0.028706 0.000000 0.000000 0.000000 0.027329 0.005154 0.015415 0.000000 0.000000
5.7500 0.000000 0.010817 0.000000 0.000000 0.023908 0.000000 0.002935 0.000000 0.023006 0.000000 0.025675 0.027571 0.016419 0.007613 0.000000 0.000000 0.028994 0.000000 0.002085 0.002869 0.000000 0.015197 0.000000 0.008732 0.002675 0.030127 0.000000 0.000000 0.000000 0.000000 0.032161 0.035897 0.020232 0.000000 0.000000 0.019724 0.042513 0.000000 0.020545 0.000000 0.007038 0.028814 0.035746 0.000000 0.000000 0.000000 0.038222 0.000000 0.000000 0.000000 0.022744
5.8000 0.000000 0.005868 0.016181 0.000000 0.002310 0.016650 0.026937 0.000000 0.000000 0.001918 0.000000 0.023260 0.000000 0.000000 0.000000 0.000000 0.011350 0.000000 0.001593 0.000000 0.030072 0.000000 0.000000 0.000000 0.002302 0.023087 0.000000 0.014471 0.009227 0.000000 0.000000 0.000000 0.000000 0.023265 0.008627 0.024837 0.000000 0.000000 0.018697 0.000000 0.000000 0.010926 0.021983 0.036802 0.024005 0.000000 0.000000 0.033438 0.000000 0.042622 0.000000
5.8500 0.000000 0.000000 0.000000 0.011524 0.015427 0.009446 0.017301 0.000000 0.013228 0.001390 0.000000 0.026373 0.020454 0.000000 0.021123 0.030472 0.024675 0.018075 0.000000 0.000000 0.032144 0.000000 0.000000 0.000000 0.000000 0.024814 0.022728 0.000000 0.000000 0.034522 0.000000 0.028587 0.014126 0.000000 0.024997 0.000000 0.000000 0.000000 0.000000 0.000000 0.000000 0.033727 0.018059 0.000000 0.034823 0.026342 0.000000 0.000000 0.000000 0.000000 0.000000
5.9000 0.000000 0.009154 0.000391 0.018602 0.023530 0.000000 0.006549 0.000000 0.000000 0.007763 0.000000 0.000000 0.024083 0.000000 0.013906 0.028703 0.002740 0.000000 0.000729 0.032760 0.000000 0.027275 0.000000 0.000000 0.029452 0.000000 0.032521 0.035998 0.000000 0.010847 0.000000 0.000000 0.016439 0.016217 0.000000 0.000000 0.000000 0.000000 0.029540 0.033583 0.041960 0.000000 0.030868 0.002026 0.000000 0.000000 0.019847 0.010921 0.000000 0.000446 0.004465
5.9500 0.000000 0.000000 0.024863 0.022596 0.000000 0.000000 0.000000 0.020076 0.010035 0.024193 0.000000 0.017230 0.015203 0.000000 0.010665 0.021072 0.000436 0.021261 0.031054 0.000000 0.011595 0.000000 0.000000 0.030392 0.004561 0.000000 0.000000 0.000000 0.011930 0.000000 0.020065 0.009193 0.000000 0.017488 0.016581 0.038986 0.000000 0.000000 0.000000 0.003713 0.000000 0.009369 0.000000 0.000000 0.000000 0.025575 0.027938 0.026508 0.000000 0.000000 0.034657
6.0000 0.000000 0.011224 0.000000 0.000000 0.000000 0.023163 0.014703 0.013827 0.000000 0.000000 0.000000 0.027376 0.000000 0.021817 0.004479 0.027778 0.000000 0.000000 0.018163 0.000000 0.007202 0.000000 0.026358 0.015559 0.021523 0.000000 0.001230 0.000000 0.000000 0.037455 0.000000 0.025851 0.000000 0.000000 0.030583 0.019152 0.037013 0.000000 0.000000 0.000000 0.000000 0.000000 0.030616 0.000000 0.000000 0.000000 0.000000 0.023615 0.036090 0.033529 0.025026
6.0500 0.000000 0.000000 0.013494 0.000000 0.009831 0.024108 0.024183 0.000000 0.019258 0.006729 0.028308 0.002615 0.020399 0.010812 0.026112 0.006674 0.028555 0.000000 0.030738 0.006216 0.000000 0.000000 0.022696 0.022591 0.000000 0.000000 0.000000 0.000000 0.000000 0.000000 0.000000 0.000000 0.010130 0.000000 0.000000 0.008919 0.013407 0.025980 0.010688 0.000000 0.000000 0.027457 0.000000 0.043566 0.000000 0.000000 0.000000 0.000000 0.042557 0.000000 0.044809
6.1000 0.000000 0.000000 0.005783 0.000000 0.000000 0.000000 0.026684 0.000000 0.006964 0.026229 0.025212 0.000000 0.000000 0.024933 0.027776 0.000000 0.025641 0.000549 0.000000 0.000000 0.015548 0.013550 0.006145 0.029962 0.000000 0.000000 0.024227 0.000717 0.000000 0.035692 0.023323 0.000787 0.000000 0.015373 0.031370 0.038080 0.029442 0.000000 0.000000 0.007329 0.005157 0.043249 0.013648 0.011935 0.015817 0.045698 0.000000 0.000922 0.006144 0.004359 0.046408
6.1500 0.000000 0.013468 0.025341 0.000000 0.004282 0.026391 0.008385 0.009919 0.000000 0.003308 0.000000 0.000000 0.006733 0.014839 0.000000 0.019420 0.000000 0.020687 0.012172 0.014473 0.010455 0.000000 0.023486 0.009499 0.006195 0.000000 0.021097 0.000000 0.011327 0.000000 0.000000 0.000000 0.040511 0.009260 0.000000 0.020541 0.000000 0.006761 0.037759 0.000000 0.000000 0.011920 0.000000 0.013267 0.016943 0.000000 0.000000 0.019952 0.042702 0.029756 0.000000
6.2000 0.000000 0.000000 0.000000 0.019634 0.012247 0.000000 0.000000 0.004456 0.000000 0.000000 0.013779 0.023214 0.000000 0.007438 0.016389 0.031170 0.021296 0.000000 0.033499 0.022972 0.000000 0.000000 0.029143 0.000000 0.000000 0.000000 0.000000 0.000000 0.000000 0.030991 0.006531 0.027271 0.000000 0.024062 0.000000 0.000000 0.025332 0.019805 0.037448 0.000000 0.024508 0.000000 0.000000 0.010950 0.033917 0.020374 0.042687 0.015804 0.032948 0.001447 0.000000
6.2500 0.000000 0.018882 0.023692 0.000000 0.000000 0.018286 0.016773 0.000000 0.000817 0.004466 0.000000 0.025999 0.023354 0.019925 0.000000 0.010946 0.000000 0.000000 0.000000 0.000000 0.000000 0.000000 0.008894 0.029563 0.005364 0.029730 0.000000 0.012271 0.000000 0.000000 0.000000 0.022520 0.000000 0.000000 0.028078 0.017816 0.000000 0.000000 0.032423 0.000000 0.000000 0.015814 0.000000 0.020555 0.004211 0.000000 0.000000 0.019570 0.000000 0.000000 0.000000
6.3000 0.000000 0.012425 0.004471 0.005100 0.000000 0.000000 0.000000 0.025126 0.007569 0.018182 0.017497 0.015833 0.000000 0.000000 0.029751 0.020560 0.000000 0.000000 0.016096 0.013213 0.026990 0.000000 0.000000 0.000000 0.016151 0.011941 0.036106 0.024365 0.000000 0.033787 0.000000 0.000000 0.000000 0.041079 0.000000 0.000000 0.000000 0.041642 0.001442 0.000306 0.035929 0.035738 0.004949 0.000000 0.000000 0.000000 0.000000 0.000000 0.000000 0.015318 0.000000
6.3500 0.000000 0.000000 0.000000 0.000000 0.010571 0.000000 0.000000 0.000000 0.000000 0.011071 0.000000 0.024777 0.029288 0.026333 0.004606 0.000000 0.012447 0.012662 0.000000 0.000000 0.000000 0.030789 0.002355 0.000000 0.000000 0.000000 0.000000 0.030278 0.000000 0.000000 0.006984 0.026295 0.000000 0.020250 0.033605 0.000000 0.010718 0.026297 0.000000 0.014371 0.038427 0.000000 0.000000 0.000000 0.016676 0.000000 0.000000 0.016454 0.000000 0.047961 0.000000
6.4000 0.000000 0.004495 0.000000 0.000000 0.000000 0.000000 0.022864 0.000000 0.000000 0.000000 0.002998 0.019638 0.013855 0.015863 0.009537 0.000000 0.011994 0.000000 0.000000 0.000000 0.000000 0.000000 0.000000 0.017348 0.000000 0.015920 0.000000 0.000000 0.000000 0.007199 0.036078 0.032016 0.000000 0.000000 0.011481 0.034020 0.001023 0.021901 0.027390 0.022645 0.000000 0.025655 0.000000 0.012641 0.000000 0.000000 0.000000 0.031144 0.000000 0.038349 0.047151
6.4500 0.000000 0.000000 0.000000 0.000000 0.010881 0.018118 0.020069 0.009865 0.000000 0.000000 0.000000 0.028837 0.014924 0.008883 0.028669 0.020367 0.000000 0.016145 0.000000 0.000000 0.000000 0.000000 0.000000 0.000000 0.000379 0.000000 0.000000 0.000000 0.000000 0.000000 0.000000 0.000000 0.000000 0.000000 0.000000 0.003135 0.000000 0.021551 0.000000 0.000000 0.000000 0.000000 0.000000 0.000014 0.000000 0.014177 0.000000 0.025242 0.000000 0.000000 0.039080
6.5000 0.000000 0.017830 0.000000 0.012022 0.000000 0.000000 0.000000 0.000000 0.000775 0.000000 0.000000 0.000000 0.022968 0.000000 0.026516 0.000000 0.000000 0.000000 0.024974 0.000000 0.000000 0.030610 0.000000 0.024886 0.000000 0.000000 0.003607 0.000000 0.000000 0.000000 0.000000 0.000000 0.031697 0.000000 0.000000 0.017533 0.000000 0.036195 0.000000 0.000000 0.024606 0.000000 0.000000 0.000000 0.000000 0.000000 0.040904 0.000000 0.040871 0.000000 0.035394
6.5500 0.000000 0.000000 0.000000 0.009319 0.025179 0.000000 0.000000 0.022127 0.000000 0.000000 0.000000 0.005431 0.000962 0.025096 0.021884 0.018907 0.000000 0.014405 0.005416 0.030543 0.013602 0.000000 0.028909 0.024529 0.014339 0.000000 0.028384 0.013222 0.000000 0.001006 0.035895 0.024190 0.000000 0.000000 0.000000 0.022135 0.011027 0.015852 0.000000 0.000000 0.025169 0.002004 0.043296 0.000835 0.000000 0.014885 0.000000 0.000000 0.000000 0.000000 0.002664
6.6000 0.000000 0.000000 0.000000 0.000000 0.000000 0.008387 0.003202 0.000000 0.016856 0.000000 0.000000 0.023600 0.024143 0.015064 0.000000 0.007700 0.004825 0.000000 0.000000 0.007716 0.000000 0.000000 0.010508 0.032689 0.024394 0.000000 0.000000 0.000000 0.023246 0.032610 0.000000 0.000000 0.000000 0.000000 0.000000 0.006854 0.000000 0.000000 0.000000 0.026493 0.013657 0.000000 0.000000 0.044242 0.043544 0.000000 0.022518 0.000000 0.000000 0.000000 0.000000
6.6500 0.000000 0.010197 0.000000 0.000000 0.023973 0.000000 0.021938 0.000000 0.000000 0.001046 0.015153 0.000000 0.000000 0.017183 0.000000 0.000000 0.000000 0.032832 0.016668 0.000000 0.000000 0.019409 0.000000 0.000000 0.028132 0.021712 0.000000 0.000000 0.030914 0.000000 0.000000 0.000000 0.000000 0.009325 0.021803 0.035963 0.000053 0.037059 0.000000 0.000000 0.000000 0.019754 0.000000 0.030514 0.010256 0.000000 0.000000 0.009764 0.000000 0.000000 0.000000
6.7000 0.000000 0.013923 0.025058 0.000000 0.024604 0.003689 0.001838 0.000000 0.000000 0.011381 0.002262 0.010881 0.000000 0.000000 0.000000 0.000000 0.003284 0.020289 0.000102 0.012155 0.000000 0.000000 0.027528 0.000000 0.032212 0.018748 0.000000 0.018496 0.000000 0.000000 0.000000 0.038508 0.013573 0.022527 0.016774 0.010168 0.000000 0.000000 0.017723 0.006533 0.000000 0.030904 0.041824 0.000000 0.000000 0.000000 0.000000 0.000000 0.048372 0.005544 0.000000
6.7500 0.000000 0.012796 0.000000 0.023256 0.002402 0.000000 0.013437 0.008410 0.018715 0.000000 0.000000 0.000000 0.000000 0.003749 0.000000 0.000000 0.000000 0.000000 0.000000 0.007627 0.000000 0.000000 0.024739 0.000000 0.000000 0.001426 0.000000 0.000000 0.000000 0.000000 0.010106 0.000000 0.000000 0.000000 0.013454 0.000000 0.000000 0.000000 0.003658 0.017830 0.024846 0.000000 0.000000 0.000000 0.000000 0.003190 0.036913 0.000000 0.012466 0.000000 0.009777
6.8000 0.000000 0.009376 0.000000 0.000000 0.004486 0.000000 0.000000 0.000000 0.021289 0.015767 0.020305 0.024464 0.021478 0.016849 0.000000 0.017738 0.020592 0.028102 0.009230 0.000000 0.000000 0.013502 0.019634 0.004721 0.020834 0.000000 0.000000 0.000000 0.000000 0.000000 0.000000 0.006643 0.038679 0.006153 0.000000 0.000000 0.000000 0.000000 0.000000 0.023929 0.001339 0.000000 0.034069 0.000000 0.027512 0.018695 0.000000 0.041053 0.000000 0.000000 0.000000
6.8500 0.000000 0.000796 0.000000 0.022247 0.000000 0.008222 0.000000 0.016931 0.000000 0.000000 0.000000 0.000000 0.000000 0.007431 0.025586 0.019939 0.000000 0.030778 0.004151 0.000000 0.017470 0.014496 0.000000 0.023487 0.000000 0.010662 0.000318 0.000000 0.008327 0.024577 0.000000 0.000000 0.008046 0.021981 0.000000 0.037885 0.000000 0.000000 0.020379 0.043042 0.000000 0.015560 0.000000 0.043887 0.000000 0.000000 0.000000 0.000000 0.002676 0.000000 0.000000
6.9000 0.000000 0.000000 0.007674 0.000000 0.006669 0.003322 0.000000 0.000000 0.000000 0.000000 0.017714 0.026729 0.000000 0.017100 0.020881 0.000000 0.018362 0.000000 0.000000 0.005883 0.007992 0.000000 0.020135 0.000000 0.006187 0.000000 0.011220 0.000000 0.000000 0.003143 0.000000 0.000000 0.000000 0.000000 0.000000 0.007897 0.000000 0.038222 0.028215 0.000000 0.000000 0.018481 0.000000 0.000000 0.028849 0.018072 0.010823 0.001530 0.034130 0.000000 0.000000
6.9500 0.000000 0.000000 0.000000 0.010691 0.000000 0.026328 0.021069 0.017713 0.000843 0.000000 0.005894 0.022172 0.030016 0.004754 0.023848 0.000000 0.025496 0.000000 0.015357 0.005379 0.000000 0.028813 0.011107 0.026986 0.000000 0.000370 0.008279 0.000000 0.000000 0.000000 0.029846 0.000000 0.000000 0.000000 0.028194 0.004994 0.038874 0.000000 0.000000 0.025583 0.036244 0.000000 0.000000 0.000000 0.021741 0.000000 0.000000 0.046595 0.016162 0.000000 0.000000
7.0000 0.000000 0.000000 0.000000 0.000000 0.018112 0.000000 0.014353 0.000000 0.000000 0.000000 0.003583 0.000000 0.018663 0.009709 0.000000 0.017386 0.000000 0.000000 0.000000 0.000000 0.007253 0.000000 0.031904 0.000000 0.000000 0.000000 0.000000 0.000000 0.000000 0.024073 0.026454 0.033644 0.000000 0.000000 0.000000 0.000000 0.001714 0.002638 0.000000 0.031443 0.017596 0.000000 0.021578 0.001167 0.026783 0.000000 0.047136 0.000000 0.047493 0.000000 0.000000
7.0500 0.000000 0.000000 0.007670 0.020611 0.000000 0.000000 0.000000 0.000000 0.001262 0.000000 0.013831 0.000000 0.000000 0.000000 0.000000 0.000000 0.000000 0.008487 0.006932 0.000000 0.015624 0.005437 0.000000 0.002321 0.022816 0.033655 0.000000 0.001757 0.000000 0.002475 0.023782 0.000000 0.024460 0.000000 0.000000 0.000000 0.012783 0.000000 0.043146 0.000000 0.006121 0.041015 0.023427 0.007796 0.000000 0.020536 0.000000 0.005328 0.000000 0.000000 0.004908
7.1000 0.000000 0.000000 0.007371 0.018216 0.023222 0.000000 0.017134 0.022749 0.000000 0.013817 0.000000 0.000000 0.000000 0.000000 0.023829 0.008324 0.003048 0.032380 0.000000 0.029333 0.000000 0.000000 0.000000 0.034702 0.003862 0.000000 0.000000 0.000000 0.031873 0.000000 0.000000 0.003319 0.000000 0.021422 0.019780 0.000121 0.000000 0.000000 0.043505 0.000000 0.000000 0.000000 0.000000 0.000000 0.033085 0.024291 0.000000 0.018055 0.012971 0.000000 0.014119
7.1500 0.000000 0.000000 0.000000 0.000000 0.005308 0.000000 0.000000 0.012695 0.000000 0.028484 0.000000 0.002802 0.000000 0.025491 0.007952 0.000000 0.011633 0.010388 0.003739 0.019822 0.000000 0.000000 0.000000 0.025363 0.002861 0.028089 0.031865 0.000000 0.000000 0.007040 0.000000 0.000000 0.000000 0.000000 0.000000 0.000000 0.016964 0.000000 0.000000 0.000000 0.000000 0.009879 0.035817 0.000000 0.000000 0.000000 0.000000 0.017794 0.000000 0.000000 0.005785
7.2000 0.000000 0.000000 0.000000 0.000000 0.000000 0.000000 0.000000 0.009853 0.009494 0.013902 0.007128 0.000000 0.000000 0.019475 0.016919 0.000000 0.028945 0.026452 0.015339 0.017783 0.000000 0.000000 0.000000 0.000000 0.016403 0.002695 0.019826 0.024266 0.029963 0.016555 0.024691 0.000000 0.000000 0.034382 0.000000 0.032777 0.000000 0.007269 0.010005 0.003408 0.000000 0.000000 0.000000 0.001499 0.023883 0.000000 0.000000 0.000000 0.000000 0.000000 0.030253
7.2500 0.000000 0.023278 0.015511 0.009525 0.016534 0.012865 0.002223 0.008524 0.000000 0.000000 0.000000 0.014254 0.000000 0.001268 0.017181 0.000000 0.029268 0.000000 0.020972 0.000000 0.019414 0.000000 0.000000 0.000000 0.000000 0.000000 0.000000 0.020715 0.000000 0.000000 0.012875 0.000000 0.000000 0.030070 0.012531 0.020662 0.004966 0.015878 0.023242 0.036086 0.000000 0.040059 0.025721 0.000000 0.040920 0.000000 0.023890 0.044749 0.020212 0.000434 0.000000
7.3000 0.000000 0.000000 0.000000 0.002056 0.000000 0.000000 0.000000 0.000000 0.020714 0.000000 0.020027 0.028885 0.009057 0.000000 0.000000 0.024497 0.020900 0.000000 0.000000 0.000000 0.030938 0.000000 0.000000 0.000000 0.000000 0.001191 0.001211 0.005263 0.008573 0.016797 0.000000 0.000000 0.013553 0.001454 0.000000 0.024513 0.039645 0.039822 0.035598 0.000000 0.034334 0.000000 0.000000 0.013357 0.001834 0.012185 0.008017 0.000000 0.000000 0.000000 0.000000
7.3500 0.000000 0.000000 0.010062 0.000000 0.002955 0.000000 0.000000 0.000000 0.000000 0.023489 0.000000 0.001221 0.000000 0.000000 0.029863 0.015845 0.000000 0.000000 0.016792 0.001773 0.000000 0.032185 0.005735 0.000000 0.000000 0.000000 0.023740 0.023450 0.000000 0.001254 0.000000 0.000000 0.000000 0.014271 0.000000 0.000000 0.011871 0.000000 0.000000 0.009061 0.037064 0.038572 0.000000 0.029326 0.016753 0.000000 0.000000 0.047493 0.028214 0.027115 0.046154
7.4000 0.000000 0.002316 0.000000 0.005556 0.000000 0.000000 0.000000 0.016524 0.019269 0.000000 0.021297 0.005558 0.005428 0.000000 0.024412 0.022532 0.026359 0.014058 0.000000 0.000000 0.015856 0.019905 0.013445 0.025503 0.000000 0.028170 0.001126 0.000000 0.000000 0.000000 0.029064 0.031932 0.000000 0.004732 0.015406 0.013267 0.037969 0.000000 0.000000 0.000000 0.000000 0.000000 0.000000 0.032600 0.017724 0.022627 0.015377 0.000000 0.025199 0.002576 0.000000
7.4500 0.000000 0.000000 0.000000 0.000000 0.000000 0.000000 0.022954 0.000000 0.026288 0.001055 0.006507 0.026416 0.020629 0.000000 0.031479 0.012806 0.010710 0.000000 0.029824 0.000000 0.029181 0.000000 0.000000 0.000833 0.000000 0.000000 0.015904 0.010706 0.000000 0.003557 0.026638 0.033841 0.000000 0.010241 0.007727 0.000000 0.018762 0.000000 0.000000 0.000000 0.000000 0.000000 0.040581 0.000000 0.029997 0.000000 0.000000 0.000000 0.024614 0.000000 0.000000
7.5000 0.000000 0.000000 0.000000 0.000000 0.000000 0.015771 0.000000 0.000000 0.000000 0.028927 0.000000 0.019054 0.000000 0.022401 0.002073 0.000000 0.008742 0.029920 0.028209 0.000000 0.000000 0.000000 0.000000 0.027868 0.000000 0.001606 0.000000 0.000000 0.000000 0.007033 0.018943 0.028897 0.000000 0.031236 0.000000 0.000000 0.000000 0.019180 0.000000 0.031004 0.000000 0.034702 0.000000 0.000000 0.005905 0.000000 0.000000 0.000000 0.015550 0.000000 0.004306
7.5500 0.000000 0.009290 0.000000 0.004619 0.000000 0.004914 0.000000 0.015167 0.000000 0.022332 0.024497 0.016425 0.013602 0.020546 0.000000 0.000000 0.000000 0.000000 0.000000 0.001755 0.000000 0.000000 0.000651 0.027097 0.000000 0.000000 0.000000 0.021495 0.000000 0.019584 0.000000 0.000000 0.000000 0.000000 0.000000 0.028726 0.001063 0.038804 0.000000 0.032078 0.039807 0.041874 0.013527 0.011832 0.000000 0.000000 0.036444 0.000000 0.045165 0.028761 0.000000
7.6000 0.000000 0.012389 0.000000 0.000000 0.000000 0.000000 0.020542 0.016503 0.009474 0.008245 0.026266 0.012009 0.000000 0.022425 0.000000 0.000000 0.026212 0.007864 0.026492 0.000000 0.030111 0.019194 0.018231 0.026754 0.009151 0.000000 0.026058 0.003946 0.000000 0.000000 0.000000 0.028933 0.000000 0.017116 0.020977 0.000000 0.000000 0.000000 0.013619 0.033656 0.000000 0.043192 0.018485 0.000000 0.020576 0.030841 0.015008 0.000000 0.000000 0.000000 0.000000
7.6500 0.000000 0.014093 0.000850 0.000000 0.017353 0.000000 0.000000 0.000000 0.000000 0.006176 0.017812 0.000000 0.000000 0.007960 0.012234 0.000000 0.000000 0.000000 0.000000 0.000000 0.000000 0.000000 0.000000 0.021043 0.023429 0.000000 0.002446 0.023921 0.008910 0.000000 0.000000 0.037841 0.000000 0.000000 0.000000 0.038277 0.028458 0.019513 0.028481 0.000000 0.010915 0.000000 0.000000 0.000000 0.000000 0.000000 0.029748 0.019451 0.000000 0.041517 0.032998
7.7000 0.000000 0.024886 0.000000 0.000000 0.000000 0.019342 0.000000 0.005087 0.010324 0.026487 0.022364 0.010758 0.000000 0.000000 0.020293 0.025748 0.002327 0.020591 0.000000 0.019267 0.020711 0.000000 0.005963 0.000000 0.032405 0.025371 0.017649 0.000000 0.008999 0.000000 0.000000 0.006212 0.000000 0.000000 0.031238 0.038005 0.005881 0.000000 0.000000 0.001534 0.000000 0.035644 0.000000 0.010970 0.000000 0.031702 0.046915 0.000000 0.043963 0.029331 0.009346
7.7500 0.000000 0.000000 0.000000 0.000000 0.003433 0.000000 0.000000 0.005163 0.025810 0.002709 0.003211 0.013370 0.016709 0.016154 0.000000 0.000000 0.000000 0.000000 0.000000 0.032168 0.000000 0.000454 0.017235 0.018722 0.000000 0.000000 0.000000 0.000000 0.026042 0.024266 0.004168 0.009814 0.000000 0.000000 0.000000 0.033228 0.000000 0.018643 0.001599 0.043438 0.001253 0.000000 0.000000 0.041378 0.008995 0.008147 0.029655 0.035039 0.039841 0.000000 0.026920
7.8000 0.000000 0.011506 0.003787 0.000000 0.021437 0.000000 0.000677 0.016030 0.000000 0.005776 0.003858 0.029138 0.000000 0.028286 0.004283 0.004182 0.000000 0.001832 0.027168 0.026714 0.033115 0.000000 0.000000 0.000000 0.000000 0.000000 0.000000 0.000000 0.020549 0.000000 0.022469 0.038316 0.021220 0.028837 0.000000 0.008260 0.019992 0.000000 0.000000 0.026007 0.000000 0.045058 0.030862 0.000000 0.030300 0.000000 0.000000 0.000000 0.010638 0.000000 0.003182
7.8500 0.000000 0.000000 0.000000 0.021757 0.000000 0.002045 0.000000 0.007416 0.000000 0.003848 0.005077 0.000000 0.006048 0.024939 0.014527 0.024694 0.000000 0.000000 0.000000 0.009698 0.000000 0.001420 0.000000 0.000000 0.027249 0.000000 0.000000 0.025962 0.000000 0.000000 0.017694 0.024830 0.000000 0.039498 0.011458 0.000000 0.000000 0.008861 0.024839 0.031861 0.029737 0.000000 0.011112 0.015071 0.000000 0.039604 0.044563 0.029124 0.000000 0.000000 0.000000
7.9000 0.000000 0.012012 0.000000 0.017912 0.007985 0.000000 0.022383 0.026409 0.018124 0.000000 0.029001 0.000000 0.000000 0.012052 0.015636 0.020737 0.025100 0.014326 0.017694 0.003257 0.033349 0.000000 0.030451 0.019830 0.007292 0.000000 0.000000 0.030561 0.022953 0.000000 0.000000 0.017616 0.039136 0.000000 0.035978 0.028293 0.000000 0.000000 0.000000 0.000000 0.000000 0.000000 0.043703 0.000000 0.000000 0.000000 0.000000 0.000000 0.000000 0.000000 0.000000
7.9500 0.000000 0.000990 0.006135 0.000000 0.008889 0.005614 0.024667 0.002954 0.015509 0.000000 0.007888 0.001924 0.000000 0.007873 0.000951 0.012670 0.000000 0.032429 0.027545 0.000000 0.007138 0.000000 0.010105 0.016022 0.029206 0.034948 0.000000 0.012589 0.000000 0.000000 0.000909 0.000000 0.005491 0.033484 0.027581 0.000000 0.000000 0.020374 0.034633 0.000000 0.009014 0.016373 0.000000 0.000000 0.000000 0.000000 0.000000 0.000000 0.000000 0.000000 0.041986