# names: BiExp Curve 1; 2; 3; 4; 5; 6; 7; 8
0.0000 0.012239 0.000294 0.000318 0.000343 0.000367 0.000392 0.000416 0.000441 0.000465
0.0200 0.047685 0.001407 0.001529 0.001650 0.001771 0.001893 0.002014 0.002134 0.002255
0.0400 0.158319 0.005060 0.005506 0.005951 0.006395 0.006838 0.007281 0.007724 0.008166
0.0600 0.447920 0.015283 0.016652 0.018016 0.019378 0.020738 0.022095 0.023452 0.024807
0.0800 1.079890 0.039616 0.043222 0.046817 0.050402 0.053981 0.057555 0.061124 0.064690
0.1000 2.218562 0.088767 0.097006 0.105214 0.113399 0.121567 0.129720 0.137862 0.145995
0.1200 3.883975 0.172849 0.189273 0.205631 0.221937 0.238203 0.254437 0.270646 0.286833
0.1400 5.794210 0.294223 0.323003 0.351655 0.380209 0.408685 0.437100 0.465465 0.493788
0.1600 7.365884 0.441110 0.485827 0.530337 0.574685 0.618906 0.663023 0.707056 0.751019
0.1800 7.979367 0.588207 0.650501 0.712511 0.774297 0.835902 0.897361 0.958698 1.019935
0.2000 7.365884 0.706483 0.785347 0.863895 0.942186 1.020267 1.098175 1.175937 1.253578
0.2200 5.794210 0.776376 0.868556 0.960481 1.052187 1.143708 1.235069 1.326293 1.417400
0.2400 3.883975 0.795122 0.896315 0.997453 1.098516 1.199497 1.300398 1.401222 1.501976
0.2600 2.218562 0.774055 0.880168 0.986579 1.093179 1.199900 1.306696 1.413541 1.520414
0.2800 1.079890 0.729900 0.837765 0.946425 1.055655 1.165303 1.275263 1.385461 1.495842
0.3000 0.447920 0.677010 0.784500 0.893392 1.003330 1.114063 1.225415 1.337253 1.449480
0.3200 0.158319 0.624221 0.730023 0.837900 0.947361 1.058056 1.169726 1.282180 1.395272
0.3400 0.047685 0.575512 0.678840 0.784937 0.893190 1.003149 1.114478 1.226922 1.340282
0.3600 0.012239 0.531978 0.632360 0.736193 0.842760 0.951521 1.062065 1.174075 1.287302
0.3800 0.002677 0.493452 0.590610 0.691865 0.796415 0.903644 1.013074 1.124332 1.237122
0.4000 0.000499 0.459380 0.553163 0.651635 0.753934 0.859382 0.967444 1.077697 1.189800
0.4200 0.000079 0.429162 0.519513 0.615080 0.714964 0.818444 0.924938 1.033979 1.145188
0.4400 0.000011 0.402261 0.489186 0.581788 0.679151 0.780525 0.885294 0.992955 1.103095
0.4600 0.000001 0.378211 0.461767 0.551391 0.646171 0.745342 0.848266 0.954413 1.063340
0.4800 0.000000 0.356617 0.436895 0.523564 0.615735 0.712642 0.813632 0.918156 1.025751
0.5000 0.000000 0.337143 0.414256 0.498023 0.587587 0.682193 0.781187 0.884007 0.990172
0.5200 0.000000 0.319502 0.393581 0.474515 0.561497 0.653791 0.750748 0.851800 0.956457
0.5400 0.000000 0.303450 0.374633 0.452822 0.537263 0.627251 0.722147 0.821388 0.924476
0.5600 0.000000 0.288781 0.357210 0.432749 0.514703 0.602405 0.695234 0.792633 0.894105
0.5800 0.000000 0.275318 0.341135 0.414125 0.493657 0.579104 0.669871 0.765412 0.865233
0.6000 0.000000 0.262910 0.326255 0.396799 0.473980 0.557213 0.645933 0.739609 0.837756
0.6200 0.000000 0.251427 0.312436 0.380641 0.455544 0.536611 0.623307 0.715122 0.811580
0.6400 0.000000 0.240761 0.299564 0.365532 0.438235 0.517188 0.601891 0.691854 0.786618
0.6600 0.000000 0.230816 0.287536 0.351370 0.421952 0.498847 0.581591 0.669719 0.762789
0.6800 0.000000 0.221512 0.276265 0.338063 0.406604 0.481499 0.562322 0.648637 0.740018
0.7000 0.000000 0.212780 0.265675 0.325532 0.392108 0.465063 0.544008 0.628535 0.718238
0.7200 0.000000 0.204560 0.255698 0.313706 0.378393 0.449467 0.526578 0.609346 0.697385
0.7400 0.000000 0.196801 0.246277 0.302521 0.365393 0.434646 0.509968 0.591007 0.677402
0.7600 0.000000 0.189457 0.237359 0.291921 0.353049 0.420541 0.494119 0.573464 0.658235
0.7800 0.000000 0.182491 0.228901 0.281857 0.341310 0.407099 0.478980 0.556664 0.639834
0.8000 0.000000 0.175870 0.220862 0.272285 0.330129 0.394270 0.464501 0.540560 0.622153
0.8200 0.000000 0.169563 0.213207 0.263165 0.319463 0.382012 0.450638 0.525108 0.605151
0.8400 0.000000 0.163546 0.205906 0.254463 0.309274 0.370285 0.437351 0.510267 0.588788
0.8600 0.000000 0.157797 0.198932 0.246147 0.299529 0.359052 0.424602 0.496002 0.573027
0.8800 0.000000 0.152296 0.192261 0.238190 0.290195 0.348280 0.412359 0.482278 0.557836
0.9000 0.000000 0.147025 0.185870 0.230566 0.281247 0.337941 0.400589 0.469063 0.543183
0.9200 0.000000 0.141970 0.179742 0.223253 0.272657 0.328006 0.389264 0.456328 0.529040
0.9400 0.000000 0.137117 0.173859 0.216231 0.264404 0.318451 0.378360 0.444048 0.515379
0.9600 0.000000 0.132453 0.168205 0.209481 0.256466 0.309253 0.367850 0.432197 0.502176
0.9800 0.000000 0.127969 0.162767 0.202987 0.248825 0.300391 0.357714 0.420752 0.489408
1.0000 0.000000 0.123653 0.157533 0.196734 0.241463 0.291847 0.347930 0.409692 0.477052
1.0200 0.000000 0.119497 0.152491 0.190708 0.234366 0.283602 0.338481 0.398998 0.465090
1.0400 0.000000 0.115493 0.147631 0.184897 0.227518 0.275642 0.329349 0.388651 0.453502
1.0600 0.000000 0.111633 0.142943 0.179291 0.220906 0.267951 0.320518 0.378635 0.442272
1.0800 0.000000 0.107911 0.138420 0.173877 0.214518 0.260516 0.311974 0.368934 0.431382
1.1000 0.000000 0.104321 0.134053 0.168648 0.208344 0.253324 0.303701 0.359533 0.420818
1.1200 0.000000 0.100857 0.129836 0.163593 0.202373 0.246363 0.295689 0.350418 0.410565
1.1400 0.000000 0.097513 0.125761 0.158707 0.196596 0.239623 0.287924 0.341578 0.400610
1.1600 0.000000 0.094284 0.121822 0.153979 0.191004 0.233094 0.280397 0.333000 0.390942
1.1800 0.000000 0.091166 0.118015 0.149405 0.185588 0.226767 0.273096 0.324673 0.381547
1.2000 0.000000 0.088155 0.114332 0.144977 0.180342 0.220633 0.266012 0.316586 0.372415
1.2200 0.000000 0.085245 0.110770 0.140690 0.175257 0.214684 0.259136 0.308730 0.363535
1.2400 0.000000 0.082434 0.107324 0.136538 0.170329 0.208913 0.252460 0.301096 0.354899
1.2600 0.000000 0.079718 0.103989 0.132515 0.165550 0.203311 0.245976 0.293676 0.346497
1.2800 0.000000 0.077093 0.100761 0.128617 0.160915 0.197874 0.239677 0.286460 0.338319
1.3000 0.000000 0.074555 0.097636 0.124839 0.156418 0.192595 0.233555 0.279442 0.330359
1.3200 0.000000 0.072103 0.094611 0.121177 0.152055 0.187467 0.227604 0.272615 0.322608
1.3400 0.000000 0.069732 0.091682 0.117627 0.147820 0.182486 0.221818 0.265971 0.315059
1.3600 0.000000 0.067440 0.088846 0.114184 0.143708 0.177646 0.216191 0.259504 0.307705
1.3800 0.000000 0.065224 0.086098 0.110845 0.139717 0.172942 0.210718 0.253208 0.300540
1.4000 0.000000 0.063081 0.083438 0.107607 0.135841 0.168370 0.205393 0.247078 0.293557
1.4200 0.000000 0.061009 0.080861 0.104466 0.132077 0.163925 0.200211 0.241108 0.286751
1.4400 0.000000 0.059006 0.078364 0.101418 0.128421 0.159603 0.195169 0.235292 0.280115
1.4600 0.000000 0.057069 0.075946 0.098461 0.124869 0.155400 0.190260 0.229626 0.273645
1.4800 0.000000 0.055196 0.073602 0.095593 0.121419 0.151312 0.185481 0.224106 0.267335
1.5000 0.000000 0.053385 0.071332 0.092809 0.118066 0.147336 0.180828 0.218726 0.261180
1.5200 0.000000 0.051633 0.069133 0.090107 0.114808 0.143468 0.176298 0.213482 0.255177
1.5400 0.000000 0.049939 0.067002 0.087486 0.111642 0.139705 0.171885 0.208370 0.249320
1.5600 0.000000 0.048301 0.064937 0.084941 0.108565 0.136043 0.167588 0.203387 0.243604
1.5800 0.000000 0.046716 0.062936 0.082472 0.105575 0.132480 0.163401 0.198528 0.238027
1.6000 0.000000 0.045184 0.060997 0.080074 0.102668 0.129013 0.159323 0.193791 0.232584
1.6200 0.000000 0.043702 0.059118 0.077748 0.099843 0.125639 0.155350 0.189171 0.227272
1.6400 0.000000 0.042268 0.057297 0.075489 0.097097 0.122354 0.151478 0.184665 0.222086
1.6600 0.000000 0.040882 0.055532 0.073297 0.094427 0.119157 0.147706 0.180270 0.217023
1.6800 0.000000 0.039542 0.053822 0.071168 0.091831 0.116046 0.144030 0.175983 0.212080
1.7000 0.000000 0.038245 0.052165 0.069102 0.089307 0.113016 0.140448 0.171801 0.207254
1.7200 0.000000 0.036991 0.050559 0.067096 0.086854 0.110067 0.136956 0.167721 0.202541
1.7400 0.000000 0.035778 0.049003 0.065149 0.084468 0.107197 0.133554 0.163741 0.197939
1.7600 0.000000 0.034605 0.047494 0.063258 0.082149 0.104401 0.130237 0.159857 0.193445
1.7800 0.000000 0.033470 0.046032 0.061423 0.079893 0.101680 0.127004 0.156067 0.189056
1.8000 0.000000 0.032373 0.044615 0.059641 0.077700 0.099031 0.123852 0.152370 0.184769
1.8200 0.000000 0.031311 0.043242 0.057911 0.075568 0.096451 0.120780 0.148761 0.180581
1.8400 0.000000 0.030285 0.041911 0.056231 0.073494 0.093939 0.117785 0.145240 0.176491
1.8600 0.000000 0.029292 0.040621 0.054600 0.071478 0.091493 0.114866 0.141803 0.172495
1.8800 0.000000 0.028331 0.039371 0.053016 0.069517 0.089111 0.112019 0.138450 0.168592
1.9000 0.000000 0.027402 0.038160 0.051479 0.067610 0.086791 0.109244 0.135176 0.164779
1.9200 0.000000 0.026504 0.036985 0.049986 0.065756 0.084533 0.106538 0.131981 0.161053
1.9400 0.000000 0.025635 0.035847 0.048536 0.063953 0.082333 0.103900 0.128863 0.157413
1.9600 0.000000 0.024795 0.034744 0.047129 0.062199 0.080191 0.101328 0.125819 0.153857
1.9800 0.000000 0.023982 0.033675 0.045763 0.060494 0.078105 0.098820 0.122847 0.150382
2.0000 0.000000 0.023195 0.032639 0.044436 0.058835 0.076074 0.096374 0.119947 0.146987
2.0200 0.000000 0.022435 0.031635 0.043147 0.057222 0.074095 0.093990 0.117116 0.143670
2.0400 0.000000 0.021699 0.030661 0.041897 0.055654 0.072168 0.091665 0.114352 0.140428
2.0600 0.000000 0.020988 0.029718 0.040682 0.054128 0.070292 0.089397 0.111654 0.137260
2.0800 0.000000 0.020300 0.028803 0.039503 0.052644 0.068465 0.087186 0.109020 0.134165
2.1000 0.000000 0.019634 0.027917 0.038357 0.051202 0.066685 0.085030 0.106449 0.131140
2.1200 0.000000 0.018991 0.027058 0.037245 0.049798 0.064951 0.082928 0.103939 0.128183
2.1400 0.000000 0.018368 0.026226 0.036166 0.048433 0.063263 0.080878 0.101488 0.125295
2.1600 0.000000 0.017766 0.025419 0.035117 0.047106 0.061619 0.078878 0.099096 0.122471
2.1800 0.000000 0.017183 0.024637 0.034099 0.045815 0.060017 0.076928 0.096760 0.119712
2.2000 0.000000 0.016620 0.023879 0.033111 0.044560 0.058457 0.075027 0.094480 0.117015
2.2200 0.000000 0.016075 0.023144 0.032151 0.043339 0.056938 0.073173 0.092253 0.114380
2.2400 0.000000 0.015548 0.022432 0.031219 0.042151 0.055459 0.071365 0.090080 0.111804
2.2600 0.000000 0.015038 0.021742 0.030314 0.040996 0.054018 0.069601 0.087957 0.109287
2.2800 0.000000 0.014545 0.021073 0.029436 0.039873 0.052614 0.067881 0.085885 0.106826
2.3000 0.000000 0.014069 0.020424 0.028582 0.038780 0.051247 0.066204 0.083862 0.104422
2.3200 0.000000 0.013607 0.019796 0.027754 0.037718 0.049916 0.064568 0.081887 0.102071
2.3400 0.000000 0.013161 0.019187 0.026950 0.036684 0.048619 0.062973 0.079958 0.099774
2.3600 0.000000 0.012730 0.018596 0.026168 0.035679 0.047356 0.061417 0.078075 0.097529
2.3800 0.000000 0.012312 0.018024 0.025410 0.034701 0.046125 0.059900 0.076237 0.095335
2.4000 0.000000 0.011909 0.017470 0.024673 0.033751 0.044927 0.058421 0.074441 0.093190
2.4200 0.000000 0.011518 0.016932 0.023958 0.032826 0.043760 0.056978 0.072689 0.091093
2.4400 0.000000 0.011141 0.016411 0.023264 0.031927 0.042623 0.055570 0.070977 0.089044
2.4600 0.000000 0.010776 0.015906 0.022590 0.031052 0.041516 0.054198 0.069306 0.087041
2.4800 0.000000 0.010422 0.015417 0.021935 0.030201 0.040437 0.052859 0.067674 0.085083
2.5000 0.000000 0.010081 0.014943 0.021299 0.029374 0.039387 0.051553 0.066081 0.083170
2.5200 0.000000 0.009750 0.014483 0.020682 0.028569 0.038364 0.050280 0.064526 0.081299
2.5400 0.000000 0.009430 0.014037 0.020082 0.027786 0.037367 0.049038 0.063007 0.079471
2.5600 0.000000 0.009121 0.013605 0.019500 0.027025 0.036397 0.047827 0.061523 0.077684
2.5800 0.000000 0.008822 0.013187 0.018935 0.026284 0.035451 0.046646 0.060075 0.075937
2.6000 0.000000 0.008533 0.012781 0.018386 0.025564 0.034530 0.045494 0.058661 0.074229
2.6200 0.000000 0.008253 0.012388 0.017853 0.024864 0.033633 0.044371 0.057281 0.072560
2.6400 0.000000 0.007983 0.012007 0.017336 0.024183 0.032760 0.043275 0.055932 0.070929
2.6600 0.000000 0.007721 0.011637 0.016833 0.023520 0.031909 0.042206 0.054616 0.069334
2.6800 0.000000 0.007468 0.011279 0.016345 0.022876 0.031080 0.041164 0.053331 0.067775
2.7000 0.000000 0.007223 0.010932 0.015872 0.022249 0.030273 0.040148 0.052075 0.066252
2.7200 0.000000 0.006986 0.010596 0.015412 0.021640 0.029486 0.039156 0.050850 0.064762
2.7400 0.000000 0.006757 0.010270 0.014965 0.021047 0.028720 0.038189 0.049653 0.063306
2.7600 0.000000 0.006536 0.009954 0.014531 0.020470 0.027974 0.037246 0.048485 0.061883
2.7800 0.000000 0.006321 0.009648 0.014110 0.019909 0.027248 0.036327 0.047344 0.060492
2.8000 0.000000 0.006114 0.009351 0.013701 0.019364 0.026540 0.035430 0.046229 0.059132
2.8200 0.000000 0.005914 0.009063 0.013304 0.018833 0.025851 0.034555 0.045142 0.057803
2.8400 0.000000 0.005720 0.008784 0.012918 0.018318 0.025179 0.033702 0.044079 0.056504
2.8600 0.000000 0.005532 0.008514 0.012544 0.017816 0.024525 0.032869 0.043042 0.055234
2.8800 0.000000 0.005351 0.008252 0.012180 0.017328 0.023888 0.032058 0.042029 0.053993
2.9000 0.000000 0.005176 0.007998 0.011827 0.016853 0.023268 0.031266 0.041040 0.052779
2.9200 0.000000 0.005006 0.007752 0.011485 0.016391 0.022664 0.030494 0.040074 0.051593
2.9400 0.000000 0.004842 0.007514 0.011152 0.015942 0.022075 0.029741 0.039131 0.050433
2.9600 0.000000 0.004683 0.007282 0.010829 0.015505 0.021502 0.029007 0.038211 0.049300
2.9800 0.000000 0.004529 0.007058 0.010515 0.015081 0.020943 0.028291 0.037311 0.048192
3.0000 0.000000 0.004381 0.006841 0.010210 0.014667 0.020399 0.027592 0.036434 0.047108
3.0200 0.000000 0.004237 0.006631 0.009914 0.014266 0.019869 0.026911 0.035576 0.046050
3.0400 0.000000 0.004098 0.006427 0.009627 0.013875 0.019353 0.026246 0.034739 0.045015
3.0600 0.000000 0.003964 0.006229 0.009348 0.013495 0.018851 0.025598 0.033922 0.044003
3.0800 0.000000 0.003834 0.006037 0.009077 0.013125 0.018361 0.024966 0.033124 0.043014
3.1000 0.000000 0.003708 0.005852 0.008814 0.012765 0.017884 0.024350 0.032344 0.042048
3.1200 0.000000 0.003587 0.005672 0.008558 0.012416 0.017420 0.023749 0.031583 0.041103
3.1400 0.000000 0.003469 0.005497 0.008310 0.012076 0.016967 0.023162 0.030840 0.040179
3.1600 0.000000 0.003356 0.005328 0.008069 0.011745 0.016526 0.022590 0.030114 0.039276
3.1800 0.000000 0.003246 0.005164 0.007835 0.011423 0.016097 0.022033 0.029406 0.038393
3.2000 0.000000 0.003139 0.005005 0.007608 0.011110 0.015679 0.021489 0.028714 0.037530
3.2200 0.000000 0.003036 0.004851 0.007388 0.010806 0.015272 0.020958 0.028038 0.036687
3.2400 0.000000 0.002937 0.004702 0.007174 0.010510 0.014875 0.020441 0.027378 0.035863
3.2600 0.000000 0.002840 0.004557 0.006966 0.010222 0.014489 0.019936 0.026734 0.035057
3.2800 0.000000 0.002747 0.004417 0.006764 0.009942 0.014113 0.019444 0.026105 0.034269
3.3000 0.000000 0.002657 0.004281 0.006568 0.009669 0.013746 0.018964 0.025491 0.033499
3.3200 0.000000 0.002570 0.004149 0.006377 0.009404 0.013389 0.018495 0.024891 0.032746
3.3400 0.000000 0.002486 0.004022 0.006193 0.009147 0.013041 0.018039 0.024306 0.032010
3.3600 0.000000 0.002404 0.003898 0.006013 0.008896 0.012703 0.017593 0.023734 0.031291
3.3800 0.000000 0.002326 0.003778 0.005839 0.008653 0.012373 0.017159 0.023175 0.030588
3.4000 0.000000 0.002249 0.003662 0.005670 0.008416 0.012051 0.016735 0.022630 0.029900
3.4200 0.000000 0.002176 0.003549 0.005505 0.008185 0.011738 0.016322 0.022098 0.029228
3.4400 0.000000 0.002104 0.003440 0.005346 0.007961 0.011433 0.015919 0.021578 0.028571
3.4600 0.000000 0.002035 0.003334 0.005191 0.007743 0.011136 0.015526 0.021070 0.027929
3.4800 0.000000 0.001969 0.003232 0.005040 0.007531 0.010847 0.015143 0.020574 0.027302
3.5000 0.000000 0.001904 0.003132 0.004894 0.007324 0.010565 0.014769 0.020090 0.026688
3.5200 0.000000 0.001842 0.003036 0.004752 0.007124 0.010291 0.014404 0.019617 0.026089
3.5400 0.000000 0.001781 0.002942 0.004615 0.006928 0.010024 0.014049 0.019156 0.025502
3.5600 0.000000 0.001723 0.002852 0.004481 0.006739 0.009763 0.013702 0.018705 0.024929
3.5800 0.000000 0.001666 0.002764 0.004351 0.006554 0.009510 0.013363 0.018265 0.024369
3.6000 0.000000 0.001612 0.002679 0.004225 0.006374 0.009263 0.013033 0.017835 0.023821
3.6200 0.000000 0.001559 0.002597 0.004102 0.006200 0.009022 0.012712 0.017416 0.023286
3.6400 0.000000 0.001508 0.002517 0.003984 0.006030 0.008788 0.012398 0.017006 0.022763
3.6600 0.000000 0.001458 0.002439 0.003868 0.005865 0.008560 0.012092 0.016606 0.022251
3.6800 0.000000 0.001410 0.002364 0.003756 0.005704 0.008337 0.011793 0.016215 0.021751
3.7000 0.000000 0.001364 0.002292 0.003647 0.005548 0.008121 0.011502 0.015833 0.021263
3.7200 0.000000 0.001320 0.002221 0.003541 0.005396 0.007910 0.011218 0.015461 0.020785
3.7400 0.000000 0.001276 0.002153 0.003439 0.005248 0.007704 0.010941 0.015097 0.020318
3.7600 0.000000 0.001234 0.002086 0.003339 0.005104 0.007504 0.010671 0.014742 0.019861
3.7800 0.000000 0.001194 0.002022 0.003242 0.004964 0.007309 0.010407 0.014395 0.019415
3.8000 0.000000 0.001155 0.001960 0.003148 0.004828 0.007120 0.010150 0.014056 0.018979
3.8200 0.000000 0.001117 0.001900 0.003057 0.004696 0.006935 0.009900 0.013726 0.018552
3.8400 0.000000 0.001080 0.001841 0.002969 0.004567 0.006755 0.009655 0.013403 0.018135
3.8600 0.000000 0.001045 0.001785 0.002882 0.004442 0.006579 0.009417 0.013087 0.017728
3.8800 0.000000 0.001011 0.001730 0.002799 0.004321 0.006408 0.009184 0.012779 0.017329
3.9000 0.000000 0.000978 0.001677 0.002718 0.004202 0.006242 0.008958 0.012479 0.016940
3.9200 0.000000 0.000945 0.001625 0.002639 0.004087 0.006080 0.008737 0.012185 0.016559
3.9400 0.000000 0.000914 0.001575 0.002563 0.003975 0.005922 0.008521 0.011898 0.016187
3.9600 0.000000 0.000885 0.001526 0.002488 0.003866 0.005768 0.008310 0.011619 0.015823
3.9800 0.000000 0.000856 0.001480 0.002416 0.003760 0.005618 0.008105 0.011345 0.015468
4.0000 0.000000 0.000827 0.001434 0.002346 0.003657 0.005472 0.007905 0.011078 0.015120
4.0200 0.000000 0.000800 0.001390 0.002278 0.003557 0.005330 0.007710 0.010818 0.014780
4.0400 0.000000 0.000774 0.001347 0.002212 0.003460 0.005192 0.007520 0.010563 0.014448
4.0600 0.000000 0.000749 0.001306 0.002148 0.003365 0.005057 0.007334 0.010315 0.014124
4.0800 0.000000 0.000724 0.001266 0.002086 0.003273 0.004926 0.007153 0.010072 0.013806
4.1000 0.000000 0.000700 0.001227 0.002025 0.003183 0.004798 0.006976 0.009835 0.013496
4.1200 0.000000 0.000677 0.001189 0.001967 0.003096 0.004673 0.006804 0.009603 0.013193
4.1400 0.000000 0.000655 0.001152 0.001910 0.003011 0.004552 0.006636 0.009378 0.012896
4.1600 0.000000 0.000634 0.001117 0.001854 0.002929 0.004433 0.006472 0.009157 0.012607
4.1800 0.000000 0.000613 0.001082 0.001801 0.002848 0.004318 0.006312 0.008941 0.012323
4.2000 0.000000 0.000593 0.001049 0.001748 0.002770 0.004206 0.006157 0.008731 0.012046
4.2200 0.000000 0.000573 0.001017 0.001698 0.002694 0.004097 0.006005 0.008526 0.011776
4.2400 0.000000 0.000555 0.000986 0.001648 0.002621 0.003990 0.005856 0.008325 0.011511
4.2600 0.000000 0.000536 0.000955 0.001601 0.002549 0.003887 0.005712 0.008129 0.011252
4.2800 0.000000 0.000519 0.000926 0.001554 0.002479 0.003786 0.005571 0.007938 0.011000
4.3000 0.000000 0.000502 0.000897 0.001509 0.002411 0.003688 0.005433 0.007751 0.010752
4.3200 0.000000 0.000485 0.000870 0.001465 0.002345 0.003592 0.005299 0.007569 0.010511
4.3400 0.000000 0.000470 0.000843 0.001423 0.002281 0.003498 0.005168 0.007391 0.010275
4.3600 0.000000 0.000454 0.000817 0.001382 0.002218 0.003408 0.005041 0.007217 0.010044
4.3800 0.000000 0.000439 0.000792 0.001342 0.002158 0.003319 0.004916 0.007047 0.009818
4.4000 0.000000 0.000425 0.000768 0.001303 0.002098 0.003233 0.004795 0.006881 0.009597
4.4200 0.000000 0.000411 0.000744 0.001265 0.002041 0.003149 0.004676 0.006719 0.009382
4.4400 0.000000 0.000397 0.000721 0.001228 0.001985 0.003067 0.004561 0.006561 0.009171
4.4600 0.000000 0.000384 0.000699 0.001193 0.001931 0.002987 0.004448 0.006407 0.008965
4.4800 0.000000 0.000372 0.000677 0.001158 0.001878 0.002910 0.004338 0.006256 0.008763
4.5000 0.000000 0.000360 0.000657 0.001125 0.001826 0.002834 0.004231 0.006109 0.008566
4.5200 0.000000 0.000348 0.000636 0.001092 0.001776 0.002761 0.004127 0.005965 0.008374
4.5400 0.000000 0.000336 0.000617 0.001060 0.001728 0.002689 0.004025 0.005825 0.008186
4.5600 0.000000 0.000325 0.000598 0.001030 0.001680 0.002619 0.003926 0.005688 0.008002
4.5800 0.000000 0.000315 0.000579 0.001000 0.001634 0.002551 0.003829 0.005554 0.007822
4.6000 0.000000 0.000304 0.000562 0.000971 0.001589 0.002485 0.003734 0.005423 0.007646
4.6200 0.000000 0.000294 0.000544 0.000943 0.001546 0.002420 0.003642 0.005296 0.007474
4.6400 0.000000 0.000285 0.000528 0.000915 0.001504 0.002357 0.003552 0.005171 0.007306
4.6600 0.000000 0.000275 0.000511 0.000889 0.001462 0.002296 0.003464 0.005049 0.007142
4.6800 0.000000 0.000266 0.000496 0.000863 0.001422 0.002237 0.003379 0.004931 0.006982
4.7000 0.000000 0.000258 0.000480 0.000838 0.001383 0.002179 0.003295 0.004815 0.006825
4.7200 0.000000 0.000249 0.000466 0.000814 0.001345 0.002122 0.003214 0.004701 0.006672
4.7400 0.000000 0.000241 0.000451 0.000790 0.001309 0.002067 0.003135 0.004591 0.006522
4.7600 0.000000 0.000233 0.000437 0.000767 0.001273 0.002013 0.003057 0.004483 0.006375
4.7800 0.000000 0.000226 0.000424 0.000745 0.001238 0.001961 0.002982 0.004377 0.006232
4.8000 0.000000 0.000218 0.000411 0.000723 0.001204 0.001910 0.002908 0.004274 0.006092
4.8200 0.000000 0.000211 0.000398 0.000702 0.001171 0.001860 0.002836 0.004174 0.005955
4.8400 0.000000 0.000204 0.000386 0.000682 0.001139 0.001812 0.002766 0.004075 0.005821
4.8600 0.000000 0.000197 0.000374 0.000662 0.001108 0.001765 0.002698 0.003980 0.005690
4.8800 0.000000 0.000191 0.000363 0.000643 0.001077 0.001719 0.002631 0.003886 0.005562
4.9000 0.000000 0.000185 0.000351 0.000625 0.001048 0.001674 0.002566 0.003795 0.005437
4.9200 0.000000 0.000179 0.000341 0.000606 0.001019 0.001631 0.002503 0.003705 0.005315
4.9400 0.000000 0.000173 0.000330 0.000589 0.000991 0.001589 0.002441 0.003618 0.005196
4.9600 0.000000 0.000167 0.000320 0.000572 0.000964 0.001547 0.002381 0.003533 0.005079
4.9800 0.000000 0.000162 0.000310 0.000555 0.000938 0.001507 0.002322 0.003450 0.004965
5.0000 0.000000 0.000156 0.000301 0.000539 0.000912 0.001468 0.002265 0.003369 0.004853
5.0200 0.000000 0.000151 0.000291 0.000523 0.000887 0.001430 0.002209 0.003289 0.004744
5.0400 0.000000 0.000146 0.000282 0.000508 0.000863 0.001393 0.002154 0.003212 0.004638
5.0600 0.000000 0.000141 0.000274 0.000494 0.000839 0.001357 0.002101 0.003136 0.004533
5.0800 0.000000 0.000137 0.000265 0.000479 0.000816 0.001321 0.002049 0.003063 0.004432
5.1000 0.000000 0.000132 0.000257 0.000465 0.000794 0.001287 0.001999 0.002991 0.004332
5.1200 0.000000 0.000128 0.000249 0.000452 0.000772 0.001254 0.001949 0.002920 0.004235
5.1400 0.000000 0.000124 0.000242 0.000439 0.000751 0.001221 0.001901 0.002851 0.004140
5.1600 0.000000 0.000120 0.000234 0.000426 0.000730 0.001189 0.001854 0.002784 0.004046
5.1800 0.000000 0.000116 0.000227 0.000414 0.000710 0.001158 0.001809 0.002719 0.003956
5.2000 0.000000 0.000112 0.000220 0.000402 0.000691 0.001128 0.001764 0.002655 0.003867
5.2200 0.000000 0.000108 0.000213 0.000390 0.000672 0.001099 0.001720 0.002592 0.003780
5.2400 0.000000 0.000105 0.000207 0.000379 0.000653 0.001070 0.001678 0.002531 0.003695
5.2600 0.000000 0.000101 0.000200 0.000368 0.000636 0.001043 0.001636 0.002472 0.003612
5.2800 0.000000 0.000098 0.000194 0.000357 0.000618 0.001016 0.001596 0.002414 0.003531
5.3000 0.000000 0.000095 0.000188 0.000347 0.000601 0.000989 0.001557 0.002357 0.003451
5.3200 0.000000 0.000092 0.000182 0.000337 0.000585 0.000964 0.001518 0.002301 0.003374
5.3400 0.000000 0.000089 0.000177 0.000327 0.000569 0.000939 0.001481 0.002247 0.003298
5.3600 0.000000 0.000086 0.000171 0.000318 0.000553 0.000914 0.001444 0.002194 0.003224
5.3800 0.000000 0.000083 0.000166 0.000308 0.000538 0.000890 0.001408 0.002143 0.003151
5.4000 0.000000 0.000080 0.000161 0.000299 0.000523 0.000867 0.001374 0.002092 0.003081
5.4200 0.000000 0.000078 0.000156 0.000291 0.000509 0.000845 0.001340 0.002043 0.003011
5.4400 0.000000 0.000075 0.000151 0.000282 0.000495 0.000823 0.001307 0.001995 0.002944
5.4600 0.000000 0.000073 0.000146 0.000274 0.000481 0.000801 0.001274 0.001948 0.002878
5.4800 0.000000 0.000070 0.000142 0.000266 0.000468 0.000781 0.001243 0.001902 0.002813
5.5000 0.000000 0.000068 0.000138 0.000258 0.000455 0.000760 0.001212 0.001858 0.002750
5.5200 0.000000 0.000066 0.000133 0.000251 0.000443 0.000741 0.001182 0.001814 0.002688
5.5400 0.000000 0.000064 0.000129 0.000244 0.000431 0.000721 0.001153 0.001771 0.002627
5.5600 0.000000 0.000061 0.000125 0.000237 0.000419 0.000703 0.001125 0.001730 0.002568
5.5800 0.000000 0.000059 0.000121 0.000230 0.000408 0.000684 0.001097 0.001689 0.002511
5.6000 0.000000 0.000057 0.000118 0.000223 0.000396 0.000667 0.001070 0.001649 0.002454
5.6200 0.000000 0.000056 0.000114 0.000217 0.000385 0.000649 0.001043 0.001610 0.002399
5.6400 0.000000 0.000054 0.000111 0.000210 0.000375 0.000632 0.001018 0.001572 0.002345
5.6600 0.000000 0.000052 0.000107 0.000204 0.000365 0.000616 0.000993 0.001535 0.002293
5.6800 0.000000 0.000050 0.000104 0.000198 0.000355 0.000600 0.000968 0.001499 0.002241
5.7000 0.000000 0.000049 0.000101 0.000193 0.000345 0.000584 0.000944 0.001464 0.002191
5.7200 0.000000 0.000047 0.000098 0.000187 0.000335 0.000569 0.000921 0.001430 0.002141
5.7400 0.000000 0.000046 0.000095 0.000182 0.000326 0.000554 0.000898 0.001396 0.002093
5.7600 0.000000 0.000044 0.000092 0.000176 0.000317 0.000540 0.000876 0.001363 0.002046
5.7800 0.000000 0.000043 0.000089 0.000171 0.000309 0.000526 0.000854 0.001331 0.002000
5.8000 0.000000 0.000041 0.000086 0.000166 0.000300 0.000512 0.000833 0.001300 0.001955
5.8200 0.000000 0.000040 0.000083 0.000161 0.000292 0.000499 0.000813 0.001269 0.001911
5.8400 0.000000 0.000039 0.000081 0.000157 0.000284 0.000486 0.000793 0.001239 0.001868
5.8600 0.000000 0.000037 0.000078 0.000152 0.000276 0.000473 0.000773 0.001210 0.001826
5.8800 0.000000 0.000036 0.000076 0.000148 0.000269 0.000461 0.000754 0.001182 0.001785
5.9000 0.000000 0.000035 0.000074 0.000144 0.000261 0.000449 0.000735 0.001154 0.001745
5.9200 0.000000 0.000034 0.000071 0.000139 0.000254 0.000438 0.000717 0.001127 0.001706
5.9400 0.000000 0.000033 0.000069 0.000135 0.000247 0.000426 0.000699 0.001100 0.001668
5.9600 0.000000 0.000032 0.000067 0.000131 0.000240 0.000415 0.000682 0.001074 0.001630
5.9800 0.000000 0.000031 0.000065 0.000128 0.000234 0.000404 0.000665 0.001049 0.001594