# names: Clean Curve 1; Clean Curve 2; Clean Curve 3; Clean Curve 4; Clean Curve 5; Clean Curve 6; Clean Curve 7; Clean Curve 8
0.0000 0.000070 0.000003 0.000004 0.000005 0.000005 0.000006 0.000006 0.000007 0.000007
0.0500 0.000884 0.000047 0.000054 0.000061 0.000069 0.000076 0.000083 0.000090 0.000097
0.1000 0.007576 0.000419 0.000483 0.000547 0.000611 0.000675 0.000739 0.000803 0.000867
0.1500 0.043937 0.002551 0.002945 0.003338 0.003732 0.004125 0.004519 0.004912 0.005306
0.2000 0.172422 0.010781 0.012467 0.014153 0.015840 0.017527 0.019213 0.020900 0.022586
0.2500 0.457833 0.032017 0.037133 0.042250 0.047367 0.052485 0.057604 0.062723 0.067842
0.3000 0.822578 0.068231 0.079488 0.090753 0.102023 0.113297 0.124574 0.135853 0.147133
0.3500 1.000000 0.107756 0.126406 0.145089 0.163794 0.182515 0.201248 0.219990 0.238740
0.4000 0.822578 0.132343 0.156877 0.181508 0.206206 0.230953 0.255736 0.280546 0.305378
0.4500 0.457833 0.134917 0.162319 0.189939 0.217714 0.245601 0.273573 0.301609 0.329696
0.5000 0.172422 0.122826 0.150625 0.178828 0.207320 0.236023 0.264886 0.293874 0.322959
0.5500 0.043937 0.106167 0.133100 0.160671 0.188703 0.217077 0.245712 0.274551 0.303551
0.6000 0.007576 0.090247 0.115817 0.142284 0.169409 0.197026 0.225023 0.253319 0.281853
0.6500 0.000884 0.076437 0.100450 0.125623 0.151657 0.178347 0.205546 0.233148 0.261075
0.7000 0.000070 0.064706 0.087082 0.110866 0.135714 0.161381 0.187690 0.214513 0.241753
0.7500 0.000004 0.054772 0.075489 0.097840 0.121443 0.146024 0.171380 0.197362 0.223854
0.8000 0.000001 0.046364 0.065440 0.086343 0.108672 0.132128 0.156488 0.181582 0.207280
0.8500 0.000001 0.039246 0.056729 0.076198 0.097244 0.119554 0.142889 0.167064 0.191933
0.9000 0.000001 0.033221 0.049177 0.067244 0.087018 0.108177 0.130472 0.153706 0.177723
0.9500 0.000001 0.028121 0.042630 0.059343 0.077867 0.097883 0.119134 0.141417 0.164565
1.0000 0.000001 0.023804 0.036955 0.052370 0.069678 0.088568 0.108782 0.130110 0.152381
1.0500 0.000001 0.020150 0.032036 0.046216 0.062351 0.080140 0.099329 0.119707 0.141099
1.1000 0.000001 0.017057 0.027771 0.040786 0.055794 0.072514 0.090697 0.110136 0.130652
1.1500 0.000001 0.014438 0.024074 0.035994 0.049927 0.065613 0.082816 0.101330 0.120979
1.2000 0.000001 0.012222 0.020870 0.031764 0.044677 0.059369 0.075619 0.093228 0.112022
1.2500 0.000001 0.010345 0.018091 0.028032 0.039979 0.053720 0.069048 0.085774 0.103728
1.3000 0.000001 0.008757 0.015683 0.024738 0.035774 0.048608 0.063048 0.078916 0.096048
1.3500 0.000001 0.007413 0.013595 0.021831 0.032012 0.043982 0.057569 0.072606 0.088937
1.4000 0.000001 0.006275 0.011786 0.019266 0.028646 0.039797 0.052567 0.066801 0.082352
1.4500 0.000001 0.005312 0.010217 0.017002 0.025634 0.036010 0.047999 0.061460 0.076255
1.5000 0.000001 0.004496 0.008857 0.015005 0.022938 0.032583 0.043828 0.056546 0.070609
1.5500 0.000001 0.003806 0.007678 0.013242 0.020526 0.029482 0.040019 0.052025 0.065382
1.6000 0.000001 0.003222 0.006656 0.011686 0.018368 0.026677 0.036542 0.047865 0.060541
1.6500 0.000001 0.002727 0.005770 0.010313 0.016436 0.024138 0.033366 0.044038 0.056059
1.7000 0.000001 0.002309 0.005002 0.009101 0.014708 0.021841 0.030467 0.040517 0.051908
1.7500 0.000001 0.001954 0.004336 0.008032 0.013161 0.019763 0.027819 0.037278 0.048065
1.8000 0.000001 0.001654 0.003759 0.007088 0.011777 0.017882 0.025402 0.034297 0.044506
1.8500 0.000001 0.001400 0.003258 0.006255 0.010539 0.016181 0.023195 0.031555 0.041211
1.9000 0.000001 0.001185 0.002825 0.005520 0.009431 0.014641 0.021179 0.029032 0.038160
1.9500 0.000001 0.001004 0.002449 0.004872 0.008439 0.013248 0.019339 0.026711 0.035335
2.0000 0.000001 0.000850 0.002123 0.004299 0.007552 0.011987 0.017658 0.024575 0.032719
2.0500 0.000001 0.000719 0.001840 0.003794 0.006757 0.010846 0.016124 0.022611 0.030297
2.1000 0.000001 0.000609 0.001595 0.003348 0.006047 0.009814 0.014723 0.020803 0.028054
2.1500 0.000001 0.000515 0.001383 0.002955 0.005411 0.008880 0.013444 0.019140 0.025977
2.2000 0.000001 0.000436 0.001199 0.002608 0.004842 0.008035 0.012275 0.017609 0.024053
2.2500 0.000001 0.000369 0.001039 0.002302 0.004333 0.007271 0.011209 0.016202 0.022273
2.3000 0.000001 0.000313 0.000901 0.002031 0.003877 0.006579 0.010235 0.014906 0.020624
2.3500 0.000001 0.000265 0.000781 0.001793 0.003470 0.005953 0.009346 0.013715 0.019097
2.4000 0.000001 0.000224 0.000677 0.001582 0.003105 0.005387 0.008533 0.012618 0.017683
2.4500 0.000001 0.000190 0.000587 0.001396 0.002778 0.004874 0.007792 0.011609 0.016374
2.5000 0.000001 0.000161 0.000509 0.001232 0.002486 0.004410 0.007115 0.010681 0.015162
2.5500 0.000001 0.000136 0.000441 0.001087 0.002225 0.003991 0.006497 0.009827 0.014039
2.6000 0.000001 0.000115 0.000383 0.000960 0.001991 0.003611 0.005932 0.009042 0.013000
2.6500 0.000001 0.000098 0.000332 0.000847 0.001782 0.003267 0.005417 0.008319 0.012037
2.7000 0.000001 0.000083 0.000288 0.000748 0.001594 0.002957 0.004946 0.007654 0.011146
2.7500 0.000001 0.000070 0.000249 0.000660 0.001427 0.002675 0.004517 0.007042 0.010321
2.8000 0.000001 0.000059 0.000216 0.000582 0.001277 0.002421 0.004124 0.006479 0.009557
2.8500 0.000001 0.000050 0.000188 0.000514 0.001143 0.002191 0.003766 0.005961 0.008850
2.9000 0.000001 0.000043 0.000163 0.000454 0.001023 0.001982 0.003439 0.005484 0.008195
2.9500 0.000001 0.000036 0.000141 0.000400 0.000915 0.001794 0.003140 0.005046 0.007588
3.0000 0.000001 0.000031 0.000122 0.000353 0.000819 0.001623 0.002867 0.004643 0.007026
3.0500 0.000001 0.000026 0.000106 0.000312 0.000733 0.001469 0.002618 0.004272 0.006506
3.1000 0.000001 0.000022 0.000092 0.000275 0.000656 0.001329 0.002391 0.003930 0.006024
3.1500 0.000001 0.000019 0.000080 0.000243 0.000587 0.001203 0.002183 0.003616 0.005579
3.2000 0.000001 0.000016 0.000069 0.000215 0.000525 0.001088 0.001993 0.003327 0.005166
3.2500 0.000001 0.000013 0.000060 0.000189 0.000470 0.000985 0.001820 0.003061 0.004783
3.3000 0.000001 0.000011 0.000052 0.000167 0.000421 0.000891 0.001662 0.002816 0.004429
3.3500 0.000001 0.000010 0.000045 0.000148 0.000377 0.000806 0.001518 0.002591 0.004101
3.4000 0.000001 0.000008 0.000039 0.000130 0.000337 0.000730 0.001386 0.002384 0.003798
3.4500 0.000001 0.000007 0.000034 0.000115 0.000302 0.000660 0.001266 0.002194 0.003517
3.5000 0.000001 0.000006 0.000030 0.000102 0.000270 0.000598 0.001156 0.002018 0.003256
3.5500 0.000001 0.000005 0.000026 0.000090 0.000242 0.000541 0.001055 0.001857 0.003015
3.6000 0.000001 0.000004 0.000022 0.000079 0.000216 0.000489 0.000964 0.001709 0.002792
3.6500 0.000001 0.000004 0.000019 0.000070 0.000194 0.000443 0.000880 0.001572 0.002586
3.7000 0.000001 0.000003 0.000017 0.000062 0.000173 0.000401 0.000804 0.001447 0.002394
3.7500 0.000001 0.000003 0.000015 0.000055 0.000155 0.000363 0.000734 0.001331 0.002217
3.8000 0.000001 0.000002 0.000013 0.000048 0.000139 0.000328 0.000670 0.001225 0.002053
3.8500 0.000001 0.000002 0.000011 0.000043 0.000124 0.000297 0.000612 0.001127 0.001901
3.9000 0.000001 0.000002 0.000010 0.000038 0.000111 0.000269 0.000559 0.001037 0.001761
3.9500 0.000001 0.000002 0.000009 0.000033 0.000100 0.000243 0.000511 0.000954 0.001630
4.0000 0.000001 0.000001 0.000007 0.000030 0.000089 0.000220 0.000466 0.000878 0.001510
4.0500 0.000001 0.000001 0.000007 0.000026 0.000080 0.000199 0.000426 0.000808 0.001398
4.1000 0.000001 0.000001 0.000006 0.000023 0.000072 0.000181 0.000389 0.000743 0.001295
4.1500 0.000001 0.000001 0.000005 0.000020 0.000064 0.000163 0.000355 0.000684 0.001199
4.2000 0.000001 0.000001 0.000004 0.000018 0.000058 0.000148 0.000324 0.000629 0.001110
4.2500 0.000001 0.000001 0.000004 0.000016 0.000052 0.000134 0.000296 0.000579 0.001028
4.3000 0.000001 0.000001 0.000003 0.000014 0.000046 0.000121 0.000271 0.000533 0.000952
4.3500 0.000001 0.000001 0.000003 0.000013 0.000041 0.000110 0.000247 0.000490 0.000882
4.4000 0.000001 0.000001 0.000003 0.000011 0.000037 0.000099 0.000226 0.000451 0.000817
4.4500 0.000001 0.000001 0.000002 0.000010 0.000033 0.000090 0.000206 0.000415 0.000756
4.5000 0.000001 0.000001 0.000002 0.000009 0.000030 0.000082 0.000188 0.000382 0.000700
4.5500 0.000001 0.000001 0.000002 0.000008 0.000027 0.000074 0.000172 0.000352 0.000649
4.6000 0.000001 0.000001 0.000002 0.000007 0.000024 0.000067 0.000157 0.000324 0.000601
4.6500 0.000001 0.000001 0.000002 0.000006 0.000022 0.000061 0.000144 0.000298 0.000556
4.7000 0.000001 0.000001 0.000001 0.000006 0.000019 0.000055 0.000131 0.000274 0.000515
4.7500 0.000001 0.000001 0.000001 0.000005 0.000017 0.000050 0.000120 0.000252 0.000477
4.8000 0.000001 0.000001 0.000001 0.000004 0.000016 0.000045 0.000110 0.000232 0.000442
4.8500 0.000001 0.000001 0.000001 0.000004 0.000014 0.000041 0.000100 0.000214 0.000409
4.9000 0.000001 0.000001 0.000001 0.000004 0.000013 0.000037 0.000092 0.000197 0.000379
4.9500 0.000001 0.000001 0.000001 0.000003 0.000011 0.000034 0.000084 0.000181 0.000351
5.0000 0.000001 0.000001 0.000001 0.000003 0.000010 0.000031 0.000077 0.000167 0.000325
5.0500 0.000001 0.000001 0.000001 0.000003 0.000009 0.000028 0.000070 0.000154 0.000301
5.1000 0.000001 0.000001 0.000001 0.000002 0.000008 0.000025 0.000064 0.000141 0.000279
5.1500 0.000001 0.000001 0.000001 0.000002 0.000008 0.000023 0.000058 0.000130 0.000258
5.2000 0.000001 0.000001 0.000001 0.000002 0.000007 0.000021 0.000054 0.000120 0.000239
5.2500 0.000001 0.000001 0.000001 0.000002 0.000006 0.000019 0.000049 0.000110 0.000222
5.3000 0.000001 0.000001 0.000001 0.000002 0.000006 0.000017 0.000045 0.000102 0.000206
5.3500 0.000001 0.000001 0.000001 0.000002 0.000005 0.000016 0.000041 0.000094 0.000190
5.4000 0.000001 0.000001 0.000001 0.000001 0.000005 0.000014 0.000037 0.000086 0.000176
5.4500 0.000001 0.000001 0.000001 0.000001 0.000004 0.000013 0.000034 0.000079 0.000163
5.5000 0.000001 0.000001 0.000001 0.000001 0.000004 0.000012 0.000031 0.000073 0.000151
5.5500 0.000001 0.000001 0.000001 0.000001 0.000004 0.000011 0.000029 0.000067 0.000140
5.6000 0.000001 0.000001 0.000001 0.000001 0.000003 0.000010 0.000026 0.000062 0.000130
5.6500 0.000001 0.000001 0.000001 0.000001 0.000003 0.000009 0.000024 0.000057 0.000121
5.7000 0.000001 0.000001 0.000001 0.000001 0.000003 0.000008 0.000022 0.000053 0.000112
5.7500 0.000001 0.000001 0.000001 0.000001 0.000003 0.000007 0.000020 0.000049 0.000104
5.8000 0.000001 0.000001 0.000001 0.000001 0.000002 0.000007 0.000019 0.000045 0.000096
5.8500 0.000001 0.000001 0.000001 0.000001 0.000002 0.000006 0.000017 0.000041 0.000089
5.9000 0.000001 0.000001 0.000001 0.000001 0.000002 0.000006 0.000016 0.000038 0.000082
5.9500 0.000001 0.000001 0.000001 0.000001 0.000002 0.000005 0.000014 0.000035 0.000076
6.0000 0.000001 0.000001 0.000001 0.000001 0.000002 0.000005 0.000013 0.000032 0.000071
6.0500 0.000001 0.000001 0.000001 0.000001 0.000002 0.000004 0.000012 0.000030 0.000066
6.1000 0.000001 0.000001 0.000001 0.000001 0.000002 0.000004 0.000011 0.000028 0.000061
6.1500 0.000001 0.000001 0.000001 0.000001 0.000001 0.000004 0.000010 0.000026 0.000057
6.2000 0.000001 0.000001 0.000001 0.000001 0.000001 0.000004 0.000010 0.000024 0.000053
6.2500 0.000001 0.000001 0.000001 0.000001 0.000001 0.000003 0.000009 0.000022 0.000049
6.3000 0.000001 0.000001 0.000001 0.000001 0.000001 0.000003 0.000008 0.000020 0.000045
6.3500 0.000001 0.000001 0.000001 0.000001 0.000001 0.000003 0.000007 0.000019 0.000042
6.4000 0.000001 0.000001 0.000001 0.000001 0.000001 0.000003 0.000007 0.000017 0.000039
6.4500 0.000001 0.000001 0.000001 0.000001 0.000001 0.000002 0.000006 0.000016 0.000036
6.5000 0.000001 0.000001 0.000001 0.000001 0.000001 0.000002 0.000006 0.000015 0.000034
6.5500 0.000001 0.000001 0.000001 0.000001 0.000001 0.000002 0.000006 0.000014 0.000031
6.6000 0.000001 0.000001 0.000001 0.000001 0.000001 0.000002 0.000005 0.000013 0.000029
6.6500 0.000001 0.000001 0.000001 0.000001 0.000001 0.000002 0.000005 0.000012 0.000027
6.7000 0.000001 0.000001 0.000001 0.000001 0.000001 0.000002 0.000004 0.000011 0.000025
6.7500 0.000001 0.000001 0.000001 0.000001 0.000001 0.000002 0.000004 0.000010 0.000023
6.8000 0.000001 0.000001 0.000001 0.000001 0.000001 0.000002 0.000004 0.000009 0.000022
6.8500 0.000001 0.000001 0.000001 0.000001 0.000001 0.000002 0.000004 0.000009 0.000020
6.9000 0.000001 0.000001 0.000001 0.000001 0.000001 0.000002 0.000003 0.000008 0.000019
6.9500 0.000001 0.000001 0.000001 0.000001 0.000001 0.000001 0.000003 0.000008 0.000018
7.0000 0.000001 0.000001 0.000001 0.000001 0.000001 0.000001 0.000003 0.000007 0.000016
7.0500 0.000001 0.000001 0.000001 0.000001 0.000001 0.000001 0.000003 0.000007 0.000015
7.1000 0.000001 0.000001 0.000001 0.000001 0.000001 0.000001 0.000003 0.000006 0.000014
7.1500 0.000001 0.000001 0.000001 0.000001 0.000001 0.000001 0.000003 0.000006 0.000013
7.2000 0.000001 0.000001 0.000001 0.000001 0.000001 0.000001 0.000002 0.000005 0.000012
7.2500 0.000001 0.000001 0.000001 0.000001 0.000001 0.000001 0.000002 0.000005 0.000012
7.3000 0.000001 0.000001 0.000001 0.000001 0.000001 0.000001 0.000002 0.000005 0.000011
7.3500 0.000001 0.000001 0.000001 0.000001 0.000001 0.000001 0.000002 0.000004 0.000010
7.4000 0.000001 0.000001 0.000001 0.000001 0.000001 0.000001 0.000002 0.000004 0.000009
7.4500 0.000001 0.000001 0.000001 0.000001 0.000001 0.000001 0.000002 0.000004 0.000009
7.5000 0.000001 0.000001 0.000001 0.000001 0.000001 0.000001 0.000002 0.000004 0.000008
7.5500 0.000001 0.000001 0.000001 0.000001 0.000001 0.000001 0.000002 0.000004 0.000008
7.6000 0.000001 0.000001 0.000001 0.000001 0.000001 0.000001 0.000002 0.000003 0.000007
7.6500 0.000001 0.000001 0.000001 0.000001 0.000001 0.000001 0.000002 0.000003 0.000007
7.7000 0.000001 0.000001 0.000001 0.000001 0.000001 0.000001 0.000002 0.000003 0.000006
7.7500 0.000001 0.000001 0.000001 0.000001 0.000001 0.000001 0.000002 0.000003 0.000006
7.8000 0.000001 0.000001 0.000001 0.000001 0.000001 0.000001 0.000001 0.000003 0.000006
7.8500 0.000001 0.000001 0.000001 0.000001 0.000001 0.000001 0.000001 0.000003 0.000005
7.9000 0.000001 0.000001 0.000001 0.000001 0.000001 0.000001 0.000001 0.000003 0.000005
7.9500 0.000001 0.000001 0.000001 0.000001 0.000001 0.000001 0.000001 0.000002 0.000005