# names: Ideal Curve 1; 2; 3; 4; 5; 6
0.0000 50.000000 1.000000 1.150000 1.300000 1.450000 1.600000 1.750000
0.0200 0.000000 0.923116 1.080325 1.235014 1.388307 1.540748 1.692628
0.0400 0.000000 0.852144 1.014871 1.173276 1.329240 1.483690 1.637137
0.0600 0.000000 0.786628 0.953383 1.114625 1.272685 1.428744 1.583465
0.0800 0.000000 0.726149 0.895621 1.058906 1.218536 1.375834 1.531553
0.1000 0.000000 0.670320 0.841358 1.005972 1.166692 1.324883 1.481343
0.1200 0.000000 0.618783 0.790383 0.955684 1.117053 1.275819 1.432779
0.1400 0.000000 0.571209 0.742496 0.907910 1.069526 1.228572 1.385807
0.1600 0.000000 0.527292 0.697510 0.862524 1.024021 1.183075 1.340375
0.1800 0.000000 0.486752 0.655250 0.819407 0.980453 1.139262 1.296432
0.2000 0.000000 0.449329 0.615551 0.778446 0.938738 1.097072 1.253930
0.2200 0.000000 0.414783 0.578256 0.739532 0.898798 1.056445 1.212821
0.2400 0.000000 0.382893 0.543222 0.702563 0.860557 1.017322 1.173060
0.2600 0.000000 0.353455 0.510309 0.667442 0.823943 0.979648 1.134603
0.2800 0.000000 0.326280 0.479391 0.634077 0.788887 0.943369 1.097406
0.3000 0.000000 0.301194 0.450346 0.602380 0.755323 0.908433 1.061429
0.3200 0.000000 0.278037 0.423061 0.572268 0.723186 0.874791 1.026631
0.3400 0.000000 0.256661 0.397429 0.543660 0.692417 0.842395 0.992974
0.3600 0.000000 0.236928 0.373350 0.516483 0.662957 0.811199 0.960420
0.3800 0.000000 0.218712 0.350730 0.490664 0.634750 0.781158 0.928934
0.4000 0.000000 0.201897 0.329481 0.466137 0.607744 0.752230 0.898480
0.4200 0.000000 0.186374 0.309518 0.442835 0.581886 0.724373 0.869024
0.4400 0.000000 0.172045 0.290766 0.420698 0.557129 0.697547 0.840534
0.4600 0.000000 0.158817 0.273149 0.399667 0.533425 0.671715 0.812978
0.4800 0.000000 0.146607 0.256600 0.379688 0.510730 0.646840 0.786326
0.5000 0.000000 0.135335 0.241053 0.360708 0.489000 0.622885 0.760547
0.5200 0.000000 0.124930 0.226448 0.342676 0.468195 0.599818 0.735613
0.5400 0.000000 0.115325 0.212729 0.325546 0.448275 0.577605 0.711497
0.5600 0.000000 0.106459 0.199840 0.309272 0.429202 0.556215 0.688171
0.5800 0.000000 0.098274 0.187732 0.293812 0.410941 0.535617 0.665610
0.6000 0.000000 0.090718 0.176358 0.279125 0.393457 0.515782 0.643789
0.6200 0.000000 0.083743 0.165673 0.265171 0.376716 0.496681 0.622683
0.6400 0.000000 0.077305 0.155636 0.251916 0.360688 0.478287 0.602269
0.6600 0.000000 0.071361 0.146206 0.239322 0.345342 0.460575 0.582524
0.6800 0.000000 0.065875 0.137348 0.227359 0.330649 0.443519 0.563427
0.7000 0.000000 0.060810 0.129026 0.215993 0.316581 0.427094 0.544956
0.7200 0.000000 0.056135 0.121209 0.205196 0.303112 0.411278 0.527090
0.7400 0.000000 0.051819 0.113865 0.194938 0.290215 0.396047 0.509810
0.7600 0.000000 0.047835 0.106967 0.185194 0.277868 0.381380 0.493096
0.7800 0.000000 0.044157 0.100486 0.175936 0.266045 0.367257 0.476931
0.8000 0.000000 0.040762 0.094398 0.167141 0.254726 0.353656 0.461295
0.8200 0.000000 0.037628 0.088678 0.158786 0.243888 0.340559 0.446172
0.8400 0.000000 0.034735 0.083306 0.150848 0.233512 0.327947 0.431545
0.8600 0.000000 0.032065 0.078258 0.143307 0.223576 0.315803 0.417397
0.8800 0.000000 0.029599 0.073517 0.136143 0.214064 0.304108 0.403713
0.9000 0.000000 0.027324 0.069063 0.129338 0.204956 0.292846 0.390478
0.9200 0.000000 0.025223 0.064879 0.122872 0.196236 0.282001 0.377676
0.9400 0.000000 0.023284 0.060948 0.116730 0.187887 0.271558 0.365295
0.9600 0.000000 0.021494 0.057255 0.110895 0.179893 0.261501 0.353319
0.9800 0.000000 0.019841 0.053786 0.105351 0.172239 0.251817 0.341736
1.0000 0.000000 0.018316 0.050527 0.100085 0.164911 0.242491 0.330532
1.0200 0.000000 0.016907 0.047466 0.095082 0.157895 0.233511 0.319696
1.0400 0.000000 0.015608 0.044590 0.090328 0.151177 0.224864 0.309215
1.0600 0.000000 0.014408 0.041889 0.085813 0.144745 0.216536 0.299078
1.0800 0.000000 0.013300 0.039351 0.081523 0.138586 0.208518 0.289273
1.1000 0.000000 0.012277 0.036967 0.077448 0.132690 0.200796 0.279790
1.1200 0.000000 0.011333 0.034727 0.073576 0.127044 0.193360 0.270617
1.1400 0.000000 0.010462 0.032623 0.069898 0.121639 0.186199 0.261745
1.1600 0.000000 0.009658 0.030646 0.066404 0.116464 0.179303 0.253164
1.1800 0.000000 0.008915 0.028790 0.063085 0.111509 0.172663 0.244864
1.2000 0.000000 0.008230 0.027045 0.059931 0.106764 0.166269 0.236837
1.2200 0.000000 0.007597 0.025407 0.056935 0.102222 0.160112 0.229072
1.2400 0.000000 0.007013 0.023867 0.054089 0.097873 0.154182 0.221562
1.2600 0.000000 0.006474 0.022421 0.051385 0.093708 0.148473 0.214299
1.2800 0.000000 0.005976 0.021063 0.048816 0.089721 0.142974 0.207273
1.3000 0.000000 0.005517 0.019787 0.046376 0.085904 0.137680 0.200478
1.3200 0.000000 0.005092 0.018588 0.044058 0.082249 0.132581 0.193906
1.3400 0.000000 0.004701 0.017462 0.041855 0.078750 0.127671 0.187549
1.3600 0.000000 0.004339 0.016404 0.039763 0.075399 0.122943 0.181400
1.3800 0.000000 0.004006 0.015410 0.037775 0.072191 0.118390 0.175453
1.4000 0.000000 0.003698 0.014476 0.035887 0.069120 0.114006 0.169701
1.4200 0.000000 0.003414 0.013599 0.034093 0.066179 0.109784 0.164137
1.4400 0.000000 0.003151 0.012775 0.032389 0.063363 0.105718 0.158756
1.4600 0.000000 0.002909 0.012001 0.030770 0.060667 0.101803 0.153552
1.4800 0.000000 0.002685 0.011274 0.029232 0.058086 0.098033 0.148518
1.5000 0.000000 0.002479 0.010591 0.027770 0.055615 0.094403 0.143649
1.5200 0.000000 0.002288 0.009949 0.026382 0.053249 0.090907 0.138939
1.5400 0.000000 0.002112 0.009347 0.025063 0.050983 0.087540 0.134384
1.5600 0.000000 0.001950 0.008780 0.023810 0.048814 0.084298 0.129979
1.5800 0.000000 0.001800 0.008248 0.022620 0.046737 0.081177 0.125718
1.6000 0.000000 0.001662 0.007749 0.021489 0.044749 0.078170 0.121596
1.6200 0.000000 0.001534 0.007279 0.020415 0.042845 0.075276 0.117610
1.6400 0.000000 0.001416 0.006838 0.019395 0.041022 0.072488 0.113754
1.6600 0.000000 0.001307 0.006424 0.018425 0.039276 0.069803 0.110025
1.6800 0.000000 0.001207 0.006035 0.017504 0.037605 0.067218 0.106418
1.7000 0.000000 0.001114 0.005669 0.016629 0.036005 0.064729 0.102929
1.7200 0.000000 0.001028 0.005326 0.015798 0.034473 0.062332 0.099554
1.7400 0.000000 0.000949 0.005003 0.015008 0.033007 0.060024 0.096291
1.7600 0.000000 0.000876 0.004700 0.014258 0.031602 0.057801 0.093134
1.7800 0.000000 0.000809 0.004415 0.013545 0.030258 0.055660 0.090081
1.8000 0.000000 0.000747 0.004148 0.012868 0.028970 0.053599 0.087127
1.8200 0.000000 0.000689 0.003896 0.012225 0.027738 0.051614 0.084271
1.8400 0.000000 0.000636 0.003660 0.011614 0.026558 0.049703 0.081508
1.8600 0.000000 0.000587 0.003438 0.011033 0.025428 0.047862 0.078836
1.8800 0.000000 0.000542 0.003230 0.010481 0.024346 0.046090 0.076252
1.9000 0.000000 0.000500 0.003034 0.009957 0.023310 0.044383 0.073752
1.9200 0.000000 0.000462 0.002851 0.009460 0.022318 0.042739 0.071334
1.9400 0.000000 0.000426 0.002678 0.008987 0.021369 0.041156 0.068995
1.9600 0.000000 0.000394 0.002516 0.008538 0.020460 0.039632 0.066733
1.9800 0.000000 0.000363 0.002363 0.008111 0.019589 0.038165 0.064546
2.0000 0.000000 0.000335 0.002220 0.007705 0.018756 0.036751 0.062429
2.0200 0.000000 0.000310 0.002086 0.007320 0.017958 0.035390 0.060383
2.0400 0.000000 0.000286 0.001959 0.006954 0.017194 0.034080 0.058403
2.0600 0.000000 0.000264 0.001840 0.006607 0.016462 0.032818 0.056489
2.0800 0.000000 0.000244 0.001729 0.006276 0.015762 0.031602 0.054637
2.1000 0.000000 0.000225 0.001624 0.005963 0.015091 0.030432 0.052845
2.1200 0.000000 0.000208 0.001526 0.005665 0.014449 0.029305 0.051113
2.1400 0.000000 0.000192 0.001433 0.005381 0.013834 0.028220 0.049437
2.1600 0.000000 0.000177 0.001347 0.005112 0.013246 0.027175 0.047817
2.1800 0.000000 0.000163 0.001265 0.004857 0.012682 0.026168 0.046249
2.2000 0.000000 0.000151 0.001188 0.004614 0.012142 0.025199 0.044733
2.2200 0.000000 0.000139 0.001116 0.004383 0.011626 0.024266 0.043266
2.2400 0.000000 0.000128 0.001049 0.004164 0.011131 0.023367 0.041848
2.2600 0.000000 0.000119 0.000985 0.003956 0.010658 0.022502 0.040476
2.2800 0.000000 0.000109 0.000925 0.003758 0.010204 0.021669 0.039149
2.3000 0.000000 0.000101 0.000869 0.003570 0.009770 0.020866 0.037865
2.3200 0.000000 0.000093 0.000817 0.003392 0.009354 0.020094 0.036624
2.3400 0.000000 0.000086 0.000767 0.003222 0.008956 0.019349 0.035423
2.3600 0.000000 0.000079 0.000721 0.003061 0.008575 0.018633 0.034262
2.3800 0.000000 0.000073 0.000677 0.002908 0.008210 0.017943 0.033139
2.4000 0.000000 0.000068 0.000636 0.002763 0.007861 0.017278 0.032052
2.4200 0.000000 0.000063 0.000598 0.002625 0.007527 0.016639 0.031002
2.4400 0.000000 0.000058 0.000561 0.002494 0.007206 0.016022 0.029985
2.4600 0.000000 0.000053 0.000527 0.002369 0.006900 0.015429 0.029002
2.4800 0.000000 0.000049 0.000495 0.002250 0.006606 0.014858 0.028051
2.5000 0.000000 0.000045 0.000465 0.002138 0.006325 0.014307 0.027132
2.5200 0.000000 0.000042 0.000437 0.002031 0.006056 0.013778 0.026242
2.5400 0.000000 0.000039 0.000411 0.001930 0.005798 0.013267 0.025382
2.5600 0.000000 0.000036 0.000386 0.001833 0.005552 0.012776 0.024550
2.5800 0.000000 0.000033 0.000362 0.001741 0.005315 0.012303 0.023745
2.6000 0.000000 0.000030 0.000340 0.001654 0.005089 0.011847 0.022967
2.6200 0.000000 0.000028 0.000320 0.001572 0.004873 0.011409 0.022214
2.6400 0.000000 0.000026 0.000300 0.001493 0.004665 0.010986 0.021485
2.6600 0.000000 0.000024 0.000282 0.001419 0.004467 0.010579 0.020781
2.6800 0.000000 0.000022 0.000265 0.001348 0.004277 0.010187 0.020100
2.7000 0.000000 0.000020 0.000249 0.001280 0.004095 0.009810 0.019441
2.7200 0.000000 0.000019 0.000234 0.001216 0.003921 0.009447 0.018803
2.7400 0.000000 0.000017 0.000220 0.001155 0.003754 0.009097 0.018187
2.7600 0.000000 0.000016 0.000206 0.001098 0.003594 0.008760 0.017591
2.7800 0.000000 0.000015 0.000194 0.001043 0.003441 0.008436 0.017014
2.8000 0.000000 0.000014 0.000182 0.000991 0.003295 0.008123 0.016456
2.8200 0.000000 0.000013 0.000171 0.000941 0.003155 0.007822 0.015917
2.8400 0.000000 0.000012 0.000161 0.000894 0.003020 0.007533 0.015395
2.8600 0.000000 0.000011 0.000151 0.000849 0.002892 0.007254 0.014890
2.8800 0.000000 0.000010 0.000142 0.000807 0.002769 0.006985 0.014402
2.9000 0.000000 0.000009 0.000133 0.000767 0.002651 0.006727 0.013930
2.9200 0.000000 0.000008 0.000125 0.000728 0.002538 0.006477 0.013473
2.9400 0.000000 0.000008 0.000118 0.000692 0.002430 0.006238 0.013032
2.9600 0.000000 0.000007 0.000111 0.000657 0.002327 0.006007 0.012604
2.9800 0.000000 0.000007 0.000104 0.000624 0.002228 0.005784 0.012191
3.0000 0.000000 0.000006 0.000098 0.000593 0.002133 0.005570 0.011791
3.0200 0.000000 0.000006 0.000092 0.000564 0.002042 0.005364 0.011405
3.0400 0.000000 0.000005 0.000086 0.000535 0.001955 0.005165 0.011031
3.0600 0.000000 0.000005 0.000081 0.000509 0.001872 0.004974 0.010669
3.0800 0.000000 0.000004 0.000076 0.000483 0.001793 0.004790 0.010320
3.1000 0.000000 0.000004 0.000071 0.000459 0.001716 0.004612 0.009981
3.1200 0.000000 0.000004 0.000067 0.000436 0.001643 0.004441 0.009654
3.1400 0.000000 0.000004 0.000063 0.000414 0.001573 0.004277 0.009337
3.1600 0.000000 0.000003 0.000059 0.000394 0.001506 0.004119 0.009031
3.1800 0.000000 0.000003 0.000056 0.000374 0.001442 0.003966 0.008735
3.2000 0.000000 0.000003 0.000052 0.000355 0.001381 0.003819 0.008449
3.2200 0.000000 0.000003 0.000049 0.000337 0.001322 0.003678 0.008172
3.2400 0.000000 0.000002 0.000046 0.000321 0.001266 0.003542 0.007904
3.2600 0.000000 0.000002 0.000043 0.000305 0.001212 0.003410 0.007645
3.2800 0.000000 0.000002 0.000041 0.000289 0.001161 0.003284 0.007394
3.3000 0.000000 0.000002 0.000038 0.000275 0.001111 0.003162 0.007152
3.3200 0.000000 0.000002 0.000036 0.000261 0.001064 0.003045 0.006917
3.3400 0.000000 0.000002 0.000034 0.000248 0.001019 0.002933 0.006691
3.3600 0.000000 0.000001 0.000032 0.000236 0.000975 0.002824 0.006471
3.3800 0.000000 0.000001 0.000030 0.000224 0.000934 0.002719 0.006259
3.4000 0.000000 0.000001 0.000028 0.000213 0.000894 0.002619 0.006054
3.4200 0.000000 0.000001 0.000026 0.000202 0.000856 0.002522 0.005855
3.4400 0.000000 0.000001 0.000025 0.000192 0.000820 0.002428 0.005663
3.4600 0.000000 0.000001 0.000023 0.000182 0.000785 0.002338 0.005478
3.4800 0.000000 0.000001 0.000022 0.000173 0.000751 0.002252 0.005298
3.5000 0.000000 0.000001 0.000020 0.000165 0.000719 0.002168 0.005125
3.5200 0.000000 0.000001 0.000019 0.000156 0.000689 0.002088 0.004957
3.5400 0.000000 0.000001 0.000018 0.000149 0.000659 0.002011 0.004794
3.5600 0.000000 0.000001 0.000017 0.000141 0.000631 0.001936 0.004637
3.5800 0.000000 0.000001 0.000016 0.000134 0.000605 0.001865 0.004485
3.6000 0.000000 0.000001 0.000015 0.000127 0.000579 0.001796 0.004338
3.6200 0.000000 0.000001 0.000014 0.000121 0.000554 0.001729 0.004196
3.6400 0.000000 0.000000 0.000013 0.000115 0.000531 0.001665 0.004058
3.6600 0.000000 0.000000 0.000012 0.000109 0.000508 0.001603 0.003925
3.6800 0.000000 0.000000 0.000012 0.000104 0.000486 0.001544 0.003796
3.7000 0.000000 0.000000 0.000011 0.000099 0.000466 0.001487 0.003672
3.7200 0.000000 0.000000 0.000010 0.000094 0.000446 0.001432 0.003552
3.7400 0.000000 0.000000 0.000010 0.000089 0.000427 0.001379 0.003435
3.7600 0.000000 0.000000 0.000009 0.000085 0.000409 0.001328 0.003322
3.7800 0.000000 0.000000 0.000009 0.000080 0.000391 0.001278 0.003214
3.8000 0.000000 0.000000 0.000008 0.000076 0.000375 0.001231 0.003108
3.8200 0.000000 0.000000 0.000008 0.000072 0.000359 0.001186 0.003006
3.8400 0.000000 0.000000 0.000007 0.000069 0.000344 0.001142 0.002908
3.8600 0.000000 0.000000 0.000007 0.000065 0.000329 0.001099 0.002812
3.8800 0.000000 0.000000 0.000006 0.000062 0.000315 0.001059 0.002720
3.9000 0.000000 0.000000 0.000006 0.000059 0.000302 0.001019 0.002631
3.9200 0.000000 0.000000 0.000006 0.000056 0.000289 0.000982 0.002545
3.9400 0.000000 0.000000 0.000005 0.000053 0.000276 0.000945 0.002461
3.9600 0.000000 0.000000 0.000005 0.000051 0.000265 0.000910 0.002381
3.9800 0.000000 0.000000 0.000005 0.000048 0.000253 0.000877 0.002303
4.0000 0.000000 0.000000 0.000004 0.000046 0.000243 0.000844 0.002227
4.0200 0.000000 0.000000 0.000004 0.000043 0.000232 0.000813 0.002154
4.0400 0.000000 0.000000 0.000004 0.000041 0.000222 0.000783 0.002083
4.0600 0.000000 0.000000 0.000004 0.000039 0.000213 0.000754 0.002015
4.0800 0.000000 0.000000 0.000003 0.000037 0.000204 0.000726 0.001949
4.1000 0.000000 0.000000 0.000003 0.000035 0.000195 0.000699 0.001885
4.1200 0.000000 0.000000 0.000003 0.000034 0.000187 0.000673 0.001823
4.1400 0.000000 0.000000 0.000003 0.000032 0.000179 0.000648 0.001764
4.1600 0.000000 0.000000 0.000003 0.000030 0.000171 0.000624 0.001706
4.1800 0.000000 0.000000 0.000002 0.000029 0.000164 0.000601 0.001650
4.2000 0.000000 0.000000 0.000002 0.000027 0.000157 0.000579 0.001596
4.2200 0.000000 0.000000 0.000002 0.000026 0.000150 0.000557 0.001543
4.2400 0.000000 0.000000 0.000002 0.000025 0.000144 0.000537 0.001493
4.2600 0.000000 0.000000 0.000002 0.000023 0.000138 0.000517 0.001444
4.2800 0.000000 0.000000 0.000002 0.000022 0.000132 0.000498 0.001397
4.3000 0.000000 0.000000 0.000002 0.000021 0.000126 0.000479 0.001351
4.3200 0.000000 0.000000 0.000002 0.000020 0.000121 0.000462 0.001307
4.3400 0.000000 0.000000 0.000001 0.000019 0.000116 0.000444 0.001264
4.3600 0.000000 0.000000 0.000001 0.000018 0.000111 0.000428 0.001222
4.3800 0.000000 0.000000 0.000001 0.000017 0.000106 0.000412 0.001182
4.4000 0.000000 0.000000 0.000001 0.000016 0.000102 0.000397 0.001143
4.4200 0.000000 0.000000 0.000001 0.000016 0.000097 0.000382 0.001106
4.4400 0.000000 0.000000 0.000001 0.000015 0.000093 0.000368 0.001070
4.4600 0.000000 0.000000 0.000001 0.000014 0.000089 0.000354 0.001035
4.4800 0.000000 0.000000 0.000001 0.000013 0.000085 0.000341 0.001001
4.5000 0.000000 0.000000 0.000001 0.000013 0.000082 0.000329 0.000968
4.5200 0.000000 0.000000 0.000001 0.000012 0.000078 0.000316 0.000936
4.5400 0.000000 0.000000 0.000001 0.000011 0.000075 0.000305 0.000905
4.5600 0.000000 0.000000 0.000001 0.000011 0.000072 0.000293 0.000876
4.5800 0.000000 0.000000 0.000001 0.000010 0.000069 0.000283 0.000847
4.6000 0.000000 0.000000 0.000001 0.000010 0.000066 0.000272 0.000819
4.6200 0.000000 0.000000 0.000001 0.000009 0.000063 0.000262 0.000792
4.6400 0.000000 0.000000 0.000001 0.000009 0.000060 0.000252 0.000766
4.6600 0.000000 0.000000 0.000001 0.000008 0.000058 0.000243 0.000741
4.6800 0.000000 0.000000 0.000001 0.000008 0.000055 0.000234 0.000717
4.7000 0.000000 0.000000 0.000000 0.000008 0.000053 0.000225 0.000694
4.7200 0.000000 0.000000 0.000000 0.000007 0.000051 0.000217 0.000671
4.7400 0.000000 0.000000 0.000000 0.000007 0.000049 0.000209 0.000649
4.7600 0.000000 0.000000 0.000000 0.000007 0.000046 0.000201 0.000628
4.7800 0.000000 0.000000 0.000000 0.000006 0.000045 0.000194 0.000607
4.8000 0.000000 0.000000 0.000000 0.000006 0.000043 0.000187 0.000587
4.8200 0.000000 0.000000 0.000000 0.000006 0.000041 0.000180 0.000568
4.8400 0.000000 0.000000 0.000000 0.000005 0.000039 0.000173 0.000549
4.8600 0.000000 0.000000 0.000000 0.000005 0.000037 0.000167 0.000531
4.8800 0.000000 0.000000 0.000000 0.000005 0.000036 0.000160 0.000514
4.9000 0.000000 0.000000 0.000000 0.000005 0.000034 0.000155 0.000497
4.9200 0.000000 0.000000 0.000000 0.000004 0.000033 0.000149 0.000481
4.9400 0.000000 0.000000 0.000000 0.000004 0.000031 0.000143 0.000465
4.9600 0.000000 0.000000 0.000000 0.000004 0.000030 0.000138 0.000450
4.9800 0.000000 0.000000 0.000000 0.000004 0.000029 0.000133 0.000435